393
813
213
93
33
273
573
633
933
993
561
309
897
609
741
249
717
957
201
429
885
285
357
705
465
129
21
69
105
165
177
237
321
381
417
489
501
525
537
597
669
681
777
789
825
849
861
921
969
113
533
673
433
613
73
413
733
193
473
713
13
133
173
233
293
313
373
493
593
773
793
833
893
913
973
169
785
197
925
617
505
589
1
29
85
281
337
365
421
701
757
869
301
125
961
37
257
389
521
565
697
917
821
41
145
457
665
769
977
5
209
481
685
889
49
581
809
101
377
469
745
929
241
937
217
341
65
361
805
221
385
877
817
989
317
881
157
629
865
325
569
641
121
997
48
258
768
138
168
318
348
408
438
588
798
858
888
948
246
834
372
120
330
456
582
624
750
876
960
444
906
114
312
510
642
840
600
132
210
366
912
192
294
804
30
714
942
354
492
96
966
186
744
930
102
546
426
672
516
552
564
570
924
264
996
148
218
358
568
848
158
268
488
598
818
418
548
808
938
668
838
68
448
308
538
998
38
908
248
868
398
98
508
688
458
92
554
862
470
652
22
260
736
974
904
722
386
806
176
344
50
64
134
190
232
274
316
442
484
512
526
610
680
764
820
932
730
532
334
752
620
4
26
70
136
202
290
356
422
664
686
796
884
994
262
860
80
184
236
314
392
574
626
704
782
886
964
124
56
226
362
464
566
634
770
872
940
676
182
220
296
410
524
562
790
866
980
32
446
584
814
952
154
212
502
560
734
850
62
310
434
682
992
250
472
842
916
16
590
754
836
86
172
602
82
364
646
740
34
140
352
670
776
452
20
142
874
130
800
934
286
712
854
194
632
406
880
370
536
196
374
322
710
830
94
320
