10000002
10000002
10000002
10000002
10000002
10000002
10000002
10000006
10000006
10000006
10000006
10000006
10000006
10000006
10000006
10000010
10000010
10000010
10000010
10000014
10000014
10000014
10000014
10000018
10000018
10000018
10000018
10000018
10000018
10000018
10000018
10000022
10000022
10000022
10000022
10000022
10000022
10000022
10000026
10000026
10000026
10000030
10000030
10000034
10000034
10000034
10000034
10000034
10000038
10000038
10000038
10000038
10000038
10000038
10000038
10000038
10000038
10000038
10000038
10000038
10000038
10000038
10000038
10000038
10000038
10000038
10000038
10000042
10000042
10000042
10000042
10000042
10000042
10000042
10000042
10000046
10000046
10000046
10000046
10000050
10000050
10000050
10000050
10000050
10000050
10000054
10000054
10000054
10000054
10000054
10000054
10000054
10000054
10000054
10000054
10000054
10000054
10000054
10000054
10000054
10000054
10000054
10000054
10000054
10000058
10000058
10000058
10000058
10000058
10000058
10000062
10000062
10000062
10000062
10000062
10000066
10000066
10000066
10000066
10000066
10000070
10000070
10000070
10000070
10000070
10000070
10000070
10000070
10000070
10000070
10000070
10000070
10000070
10000070
10000070
10000070
10000070
10000070
10000070
10000070
10000070
10000074
10000074
10000074
10000074
10000074
10000074
10000074
10000078
10000078
10000078
10000078
10000078
10000078
10000078
10000082
10000082
10000082
10000082
10000082
10000082
10000082
10000086
10000086
10000086
10000090
10000090
10000090
10000090
10000090
10000090
10000094
10000094
10000094
10000094
10000094
10000094
10000094
10000094
10000094
10000094
10000094
10000094
10000094
10000094
10000094
10000094
10000094
10000098
10000098
10000098
10000098
10000098
10000098
10000098
10000098
10000098
10000098
10000098
10000098
10000098
10000102
10000102
10000102
10000102
10000102
10000102
10000102
10000102
10000102
10000102
10000106
10000106
10000106
10000106
10000106
10000106
10000106
10000106
10000110
10000110
10000110
10000110
10000110
10000110
10000110
10000110
10000110
10000110
10000110
10000114
10000114
10000114
10000118
10000118
10000118
10000118
10000122
10000122
10000122
10000126
10000126
10000126
10000126
10000126
10000126
10000126
10000126
10000130
10000130
10000130
10000130
10000130
10000130
10000130
10000130
10000130
10000130
10000130
10000138
10000138
10000138
10000142
10000142
10000142
10000142
10000142
10000142
10000146
10000146
10000146
10000146
10000146
10000146
10000146
10000146
10000146
10000146
10000146
10000150
10000150
10000150
10000150
10000150
10000150
10000150
10000150
10000150
10000150
10000154
10000154
10000154
10000154
10000154
10000158
10000158
10000162
10000162
10000166
10000166
10000166
10000166
10000166
10000166
10000166
10000166
10000166
10000166
10000166
10000166
10000170
10000174
10000174
10000174
10000174
10000178
10000178
10000178
10000178
10000178
10000178
10000178
10000178
10000178
10000178
10000178
10000182
10000182
10000182
10000182
10000182
10000182
10000182
10000182
10000182
10000182
10000182
10000186
10000190
10000190
10000194
10000194
10000194
10000194
10000194
10000194
10000194
10000194
10000194
10000194
10000194
10000194
10000194
10000194
10000194
10000194
10000194
10000198
10000198
10000198
10000198
10000198
10000198
10000198
10000198
10000198
10000198
10000202
10000202
10000202
10000202
10000202
10000202
10000206
10000206
10000206
10000206
10000210
10000210
10000210
10000210
10000210
10000214
10000214
10000214
10000214
10000218
10000218
10000218
10000218
10000218
10000218
10000218
10000222
10000222
10000222
10000222
10000222
10000222
10000226
10000226
10000226
10000226
10000226
10000226
10000226
10000226
10000226
10000226
10000226
10000226
10000226
10000226
10000230
10000230
10000230
10000230
10000230
10000230
10000234
10000234
10000234
10000234
10000234
10000234
10000234
10000234
10000238
10000238
10000238
10000238
10000238
10000238
10000238
10000242
10000242
10000246
10000246
10000246
10000246
10000246
10000246
10000246
10000246
10000246
10000246
10000250
10000250
10000250
10000250
10000250
10000250
10000250
10000258
10000258
10000262
10000262
10000262
10000262
10000262
10000262
10000262
10000262
10000262
10000266
10000266
10000266
10000266
10000266
10000266
10000266
10000266
10000266
10000266
10000266
10000266
10000270
10000270
10000274
10000274
10000278
10000278
10000282
10000282
10000282
10000282
10000282
10000282
10000286
10000286
10000286
10000286
10000286
10000286
10000286
10000286
10000286
10000286
10000286
10000286
10000286
10000290
10000290
10000290
10000290
10000290
10000290
10000290
10000290
10000290
10000290
10000290
10000290
10000294
10000294
10000294
10000294
10000294
10000294
10000294
10000294
10000294
10000294
10000294
10000298
10000298
10000298
10000298
10000298
10000298
10000298
10000302
10000302
10000302
10000302
10000302
10000302
10000306
10000306
10000306
10000306
10000306
10000306
10000306
10000306
10000310
10000310
10000310
10000310
10000310
10000310
10000310
10000310
10000310
10000314
10000314
10000314
10000314
10000318
10000318
10000318
10000322
10000322
10000322
10000322
10000326
10000326
10000326
10000326
10000326
10000326
10000326
10000326
10000330
10000330
10000330
10000330
10000334
10000338
10000338
10000338
10000338
10000342
10000342
10000342
10000342
10000342
10000342
10000342
10000342
10000342
10000346
10000346
10000346
10000346
10000346
10000346
10000346
10000346
10000346
10000346
10000346
10000346
10000350
10000350
10000350
10000350
10000350
10000350
10000350
10000354
10000354
10000354
10000354
10000354
10000354
10000354
10000358
10000358
10000358
10000362
10000362
10000362
10000362
10000362
10000362
10000362
10000362
10000362
10000362
10000362
10000362
10000366
10000366
10000366
10000366
10000366
10000370
10000370
10000370
10000374
10000374
10000374
10000374
10000374
10000374
10000374
10000374
10000374
10000374
10000374
10000374
10000374
10000378
10000378
10000378
10000378
10000378
10000378
10000378
10000378
10000378
10000378
10000378
10000378
10000378
10000378
10000378
10000378
10000378
10000378
10000378
10000378
10000378
10000382
10000382
10000390
10000390
10000390
10000390
10000390
10000390
10000390
10000390
10000390
10000390
10000390
10000390
10000390
10000390
10000390
10000390
10000390
10000390
10000390
10000390
10000390
10000390
10000390
10000394
10000394
10000394
10000394
10000394
10000394
10000394
10000394
10000394
10000394
10000394
10000394
10000394
10000394
10000394
10000394
10000398
10000406
10000406
10000406
10000410
10000410
10000410
10000410
10000410
10000410
10000410
10000410
10000414
10000418
10000418
10000418
10000418
10000418
10000418
10000418
10000422
10000422
10000422
10000422
10000422
10000422
10000422
10000422
10000426
10000426
10000426
10000426
10000426
10000426
10000430
10000430
10000430
10000430
10000434
10000434
10000434
10000434
10000434
10000434
10000434
10000434
10000434
10000434
10000434
10000438
10000438
10000438
10000438
10000438
10000438
10000438
10000438
10000438
10000438
10000438
10000438
10000438
10000442
10000442
10000442
10000442
10000446
10000446
10000446
10000446
10000446
10000446
10000446
10000446
10000446
10000446
10000446
10000446
10000446
10000446
10000446
10000446
10000450
10000450
10000450
10000450
10000450
10000450
10000450
10000450
10000450
10000450
10000454
10000458
10000458
10000458
10000458
10000458
10000458
10000458
10000462
10000462
10000462
10000462
10000462
10000462
10000462
10000462
10000462
10000462
10000462
10000466
10000466
10000466
10000466
10000466
10000470
10000474
10000474
10000474
10000474
10000474
10000474
10000474
10000478
10000478
10000478
10000478
10000478
10000478
10000478
10000478
10000478
10000478
10000478
10000478
10000478
10000478
10000478
10000482
10000482
10000482
10000482
10000482
10000482
10000482
10000482
10000486
10000486
10000486
10000486
10000486
10000486
10000486
10000486
10000486
10000486
10000486
10000486
10000486
10000490
10000490
10000490
10000490
10000490
10000490
10000494
10000494
10000494
10000494
10000494
10000494
10000494
10000494
10000494
10000494
10000494
10000494
10000494
10000494
10000494
10000494
10000498
10000498
10000498
10000498
10000498
10000498
10000498
10000498
10000498
10000502
10000502
10000502
10000502
10000502
10000502
10000502
10000502
10000502
10000506
10000506
10000506
10000506
10000506
10000506
10000506
10000506
10000506
10000514
10000514
10000514
10000514
10000514
10000514
10000514
10000514
10000518
10000518
10000522
10000522
10000526
10000530
10000530
10000530
10000534
10000534
10000534
10000534
10000534
10000534
10000534
10000534
10000534
10000534
10000534
10000538
10000538
10000538
10000538
10000538
10000538
10000538
10000538
10000538
10000538
10000538
10000538
10000538
10000538
10000542
10000542
10000542
10000542
10000542
10000542
10000542
10000542
10000546
10000546
10000546
10000550
10000550
10000550
10000550
10000550
10000550
10000550
10000550
10000550
10000550
10000550
10000554
10000554
10000554
10000554
10000554
10000554
10000554
10000558
10000558
10000558
10000558
10000562
10000562
10000562
10000566
10000566
10000566
10000566
10000566
10000566
10000566
10000566
10000566
10000566
10000570
10000570
10000570
10000570
10000570
10000570
10000570
10000570
10000574
10000574
10000574
10000574
10000574
10000574
10000574
10000574
10000574
10000578
10000578
10000586
10000586
10000586
10000586
10000586
10000586
10000586
10000586
10000586
10000586
10000586
10000586
10000586
10000590
10000590
10000590
10000590
10000590
10000590
10000590
10000598
10000598
10000598
10000598
10000598
10000598
10000602
10000602
10000602
10000602
10000602
10000602
10000602
10000602
10000602
10000602
10000602
10000602
10000602
10000606
10000606
10000606
10000606
10000610
10000610
10000610
10000614
10000618
10000618
10000618
10000618
10000618
10000618
10000618
10000618
10000618
10000618
10000618
10000622
10000622
10000622
10000622
10000622
10000622
10000622
10000622
10000622
10000622
10000622
10000622
10000622
10000626
10000626
10000626
10000626
10000630
10000634
10000634
10000634
10000634
10000634
10000634
10000634
10000634
10000638
10000638
10000638
10000638
10000638
10000638
10000638
10000638
10000638
10000638
10000638
10000638
10000638
10000638
10000638
10000642
10000646
10000646
10000646
10000646
10000646
10000646
10000650
10000650
10000654
10000658
10000658
10000658
10000658
10000658
10000658
10000658
10000658
10000658
10000658
10000658
10000658
10000662
10000662
10000662
10000662
10000662
10000662
10000662
10000662
10000662
10000666
10000666
10000670
10000670
10000670
10000670
10000670
10000674
10000674
10000674
10000674
10000674
10000674
10000674
10000674
10000674
10000678
10000678
10000678
10000678
10000678
10000678
10000682
10000682
10000682
10000682
10000682
10000682
10000686
10000686
10000686
10000686
10000686
10000686
10000686
10000686
10000690
10000690
10000690
10000690
10000690
10000690
10000690
10000690
10000690
10000694
10000694
10000694
10000694
10000694
10000694
10000694
10000694
10000694
10000698
10000698
10000698
10000702
10000702
10000702
10000702
10000702
10000702
10000702
10000702
10000702
10000706
10000706
10000706
10000706
10000710
10000710
10000714
10000714
10000714
10000714
10000714
10000718
10000718
10000718
10000718
10000722
10000726
10000726
10000726
10000726
10000726
10000726
10000726
10000726
10000730
10000730
10000730
10000730
10000730
10000730
10000730
10000730
10000730
10000730
10000730
10000730
10000734
10000734
10000734
10000734
10000734
10000734
10000734
10000734
10000734
10000734
10000734
10000734
10000734
10000734
10000734
10000734
10000734
10000738
10000738
10000738
10000738
10000738
10000738
10000738
10000738
10000738
10000738
10000738
10000738
10000738
10000742
10000742
10000742
10000742
10000742
10000742
10000746
10000746
10000746
10000746
10000746
10000746
10000746
10000746
10000746
10000750
10000750
10000750
10000750
10000750
10000754
10000754
10000754
10000754
10000754
10000754
10000754
10000754
10000754
10000754
10000754
10000754
10000758
10000762
10000762
10000762
10000762
10000762
10000762
10000762
10000762
10000762
10000762
10000762
10000766
10000766
10000770
10000770
10000774
10000774
10000774
10000774
10000774
10000778
10000778
10000782
10000782
10000782
10000782
10000782
10000782
10000782
10000782
10000782
10000782
10000782
10000786
10000786
10000786
10000786
10000786
10000786
10000786
10000786
10000786
10000786
10000786
10000786
10000794
10000794
10000794
10000794
10000794
10000794
10000794
10000794
10000798
10000798
10000798
10000798
10000798
10000798
10000798
10000798
10000798
10000798
10000798
10000802
10000802
10000802
10000802
10000802
10000802
10000802
10000802
10000802
10000802
10000802
10000802
10000802
10000802
10000806
10000806
10000806
10000806
10000806
10000806
10000806
10000806
10000806
10000806
10000810
10000810
10000810
10000814
10000814
10000814
10000814
10000814
10000814
10000814
10000814
10000814
10000814
10000814
10000814
10000814
10000814
10000818
10000818
10000818
10000818
10000818
10000818
10000818
10000818
10000818
10000822
10000822
10000822
10000826
10000826
10000826
10000830
10000830
10000830
10000830
10000830
10000830
10000830
10000830
10000830
10000830
10000834
10000834
10000834
10000834
10000834
10000834
10000834
10000838
10000838
10000838
10000838
10000838
10000838
10000842
10000846
10000846
10000846
10000850
10000850
10000850
10000850
10000850
10000850
10000850
10000850
10000850
10000850
10000850
10000850
10000854
10000854
10000854
10000854
10000854
10000858
10000858
10000858
10000858
10000858
10000858
10000858
10000858
10000858
10000858
10000858
10000858
10000858
10000858
10000862
10000862
10000866
10000866
10000866
10000870
10000870
10000870
10000870
10000870
10000870
10000870
10000870
10000870
10000870
10000870
10000874
10000874
10000874
10000874
10000874
10000874
10000878
10000878
10000878
10000882
10000882
10000886
10000886
10000886
10000886
10000886
10000886
10000886
10000886
10000886
10000890
10000890
10000890
10000890
10000894
10000894
10000894
10000898
10000898
10000898
10000898
10000898
10000898
10000898
10000898
10000898
10000898
10000902
10000902
10000902
10000902
10000902
10000902
10000906
10000906
10000906
10000906
10000906
10000910
10000910
10000910
10000914
10000914
10000914
10000914
10000914
10000914
10000914
10000914
10000914
10000918
10000918
10000922
10000922
10000922
10000922
10000922
10000922
10000922
10000922
10000922
10000922
10000922
10000926
10000926
10000926
10000926
10000926
10000926
10000930
10000930
10000930
10000930
10000930
10000934
10000934
10000934
10000938
10000938
10000938
10000938
10000938
10000938
10000938
10000938
10000938
10000938
10000942
10000942
10000942
10000942
10000942
10000942
10000942
10000942
10000942
10000942
10000942
10000942
10000942
10000942
10000942
10000942
10000942
10000942
10000942
10000942
10000942
10000942
10000942
10000942
10000942
10000946
10000946
10000946
10000946
10000946
10000946
10000946
10000946
10000946
10000946
10000946
10000946
10000946
10000946
10000946
10000946
10000946
10000950
10000950
10000950
10000950
10000954
10000958
10000958
10000958
10000958
10000958
10000958
10000958
10000958
10000958
10000958
10000958
10000962
10000962
10000962
10000962
10000962
10000962
10000962
10000970
10000970
10000974
10000974
10000974
10000974
10000974
10000974
10000974
10000974
10000974
10000974
10000978
10000978
10000978
10000978
10000978
10000978
10000978
10000978
10000978
10000978
10000978
10000978
10000978
10000978
10000982
10000982
10000982
10000982
10000982
10000982
10000982
10000982
10000982
10000982
10000982
10000982
10000982
10000986
10000986
10000986
10000986
10000986
10000986
10000990
10000990
10000990
10000990
10000990
10000994
10000994
10000994
10000994
10000994
10000994
10000994
10000994
10000994
10000998
10000998
10000998
10000998
10000998
10000998
10000998
10000998
10000998
10000998
10000998
10000998
10000998
10000998
10000998
10000998
10000998
10000998
10000998
10000998
10001002
10001002
10001002
10001006
10001006
10001010
10001010
10001010
10001010
10001010
10001010
10001010
10001010
10001010
10001010
10001010
10001010
10001010
10001010
10001010
10001010
10001014
10001014
10001014
10001014
10001014
10001014
10001014
10001014
10001014
10001018
10001018
10001018
10001018
10001018
10001018
10001026
10001026
10001026
10001026
10001026
10001026
10001026
10001026
10001026
10001030
10001030
10001030
10001030
10001030
10001030
10001034
10001034
10001034
10001042
10001042
10001042
10001046
10001046
10001046
10001046
10001046
10001046
10001046
10001046
10001046
10001046
10001046
10001046
10001046
10001046
10001046
10001046
10001050
10001050
10001050
10001050
10001050
10001050
10001050
10001050
10001050
10001050
10001050
10001050
10001050
10001050
10001050
10001054
10001054
10001054
10001054
10001058
10001058
10001058
10001058
10001058
10001058
10001058
10001058
10001058
10001058
10001058
10001058
10001058
10001058
10001058
10001062
10001062
10001062
10001062
10001062
10001066
10001066
10001066
10001066
10001066
10001066
10001066
10001070
10001070
10001070
10001070
10001070
10001070
10001070
10001070
10001070
10001070
10001070
10001070
10001070
10001074
10001074
10001074
10001074
10001078
10001078
10001078
10001078
10001078
10001082
10001082
10001082
10001082
10001082
10001082
10001086
10001086
10001086
10001086
10001086
10001086
10001090
10001090
10001094
10001094
10001094
10001094
10001098
10001098
10001098
10001098
10001098
10001098
10001098
10001102
10001102
10001102
10001106
10001106
10001106
10001106
10001106
10001106
10001106
10001106
10001106
10001106
10001106
10001106
10001106
10001106
10001106
10001106
10001110
10001110
10001110
10001110
10001110
10001110
10001110
10001110
10001110
10001110
10001114
10001114
10001114
10001114
10001114
10001114
10001114
10001114
10001114
10001118
10001118
10001118
10001118
10001118
10001118
10001118
10001118
10001118
10001122
10001122
10001122
10001122
10001122
10001122
10001126
10001126
10001126
10001126
10001126
10001126
10001126
10001130
10001130
10001130
10001130
10001130
10001130
10001130
10001130
10001130
10001130
10001134
10001134
10001134
10001138
10001138
10001138
10001138
10001138
10001138
10001138
10001142
10001142
10001142
10001146
10001146
10001146
10001146
10001146
10001146
10001146
10001146
10001146
10001150
10001150
10001150
10001154
10001154
10001154
10001154
10001154
10001154
10001154
10001154
10001154
10001154
10001158
10001158
10001158
10001158
10001158
10001158
10001158
10001158
10001158
10001158
10001158
10001158
10001158
10001158
10001158
10001162
10001162
10001162
10001162
10001166
10001166
10001170
10001170
10001170
10001170
10001170
10001170
10001170
10001174
10001174
10001174
10001174
10001174
10001174
10001174
10001174
10001178
10001178
10001178
10001178
10001178
10001178
10001182
10001182
10001182
10001182
10001182
10001182
10001182
10001186
10001186
10001186
10001186
10001186
10001190
10001190
10001190
10001190
10001190
10001190
10001190
10001190
10001190
10001190
10001190
10001194
10001194
10001194
10001194
10001194
10001194
10001194
10001194
10001194
10001194
10001194
10001194
10001194
10001194
10001194
10001194
10001194
10001194
10001194
10001198
10001198
10001198
10001198
10001198
10001198
10001198
10001198
10001198
10001198
10001202
10001202
10001206
10001206
10001206
10001206
10001206
10001206
10001206
10001206
10001210
10001210
10001210
10001210
10001210
10001210
10001210
10001210
10001210
10001210
10001210
10001210
10001210
10001210
10001210
10001214
10001218
10001222
10001222
10001222
10001226
10001226
10001226
10001226
10001226
10001226
10001226
10001226
10001230
10001230
10001230
10001230
10001230
10001230
10001230
10001230
10001230
10001230
10001230
10001238
10001238
10001238
10001238
10001238
10001238
10001242
10001242
10001242
10001242
10001242
10001242
10001242
10001242
10001242
10001242
10001242
10001242
10001246
10001246
10001246
10001246
10001246
10001250
10001254
10001254
10001254
10001254
10001254
10001254
10001254
10001254
10001254
10001258
10001258
10001258
10001258
10001258
10001258
10001258
10001258
10001258
10001262
10001262
10001262
10001262
10001262
10001262
10001262
10001262
10001262
10001262
10001266
10001266
10001270
10001270
10001270
10001270
10001270
10001270
10001270
10001270
10001270
10001270
10001274
10001274
10001274
10001274
10001274
10001274
10001274
10001274
10001274
10001274
10001274
10001274
10001278
10001278
10001278
10001278
10001278
10001278
10001278
10001278
10001282
10001282
10001290
10001290
10001290
10001290
10001290
10001290
10001290
10001294
10001294
10001294
10001294
10001294
10001294
10001294
10001294
10001294
10001294
10001294
10001294
10001294
10001294
10001294
10001298
10001298
10001298
10001298
10001298
10001298
10001298
10001298
10001298
10001298
10001298
10001302
10001302
10001306
10001306
10001306
10001306
10001306
10001306
10001306
10001306
10001306
10001306
10001310
10001310
10001310
10001310
10001310
10001310
10001310
10001314
10001314
10001314
10001314
10001314
10001314
10001318
10001318
10001318
10001318
10001318
10001318
10001318
10001318
10001318
10001318
10001318
10001318
10001318
10001318
10001322
10001322
10001322
10001322
10001322
10001322
10001322
10001322
10001322
10001322
10001322
10001326
10001326
10001326
10001326
10001326
10001326
10001326
10001326
10001330
10001330
10001330
10001330
10001330
10001330
10001334
10001334
10001334
10001334
10001334
10001334
10001334
10001334
10001338
10001338
10001338
10001338
10001338
10001338
10001338
10001338
10001338
10001338
10001338
10001342
10001342
10001342
10001342
10001342
10001346
10001346
10001346
10001346
10001346
10001346
10001346
10001346
10001350
10001350
10001350
10001350
10001350
10001350
10001350
10001350
10001350
10001350
10001354
10001354
10001354
10001354
10001354
10001354
10001354
10001354
10001354
10001358
10001358
10001358
10001358
10001358
10001362
10001362
10001366
10001366
10001366
10001366
10001366
10001366
10001366
10001366
10001366
10001370
10001370
10001370
10001370
10001370
10001370
10001370
10001370
10001370
10001370
10001370
10001370
10001370
10001370
10001370
10001370
10001374
10001374
10001374
10001374
10001374
10001374
10001374
10001374
10001374
10001374
10001374
10001378
10001378
10001378
10001378
10001378
10001378
10001382
10001382
10001382
10001382
10001382
10001382
10001386
10001386
10001386
10001386
10001386
10001386
10001386
10001386
10001390
10001390
10001390
10001390
10001390
10001390
10001390
10001390
10001390
10001390
10001394
10001394
10001394
10001398
10001398
10001402
10001402
10001402
10001402
10001402
10001402
10001406
10001406
10001406
10001406
10001406
10001406
10001406
10001410
10001410
10001410
10001410
10001410
10001418
10001418
10001418
10001418
10001418
10001418
10001418
10001418
10001418
10001418
10001422
10001422
10001422
10001422
10001422
10001422
10001422
10001422
10001422
10001422
10001422
10001422
10001422
10001422
10001426
10001426
10001426
10001426
10001430
10001430
10001430
10001430
10001430
10001430
10001430
10001434
10001434
10001434
10001434
10001434
10001434
10001438
10001438
10001438
10001438
10001438
10001438
10001438
10001438
10001438
10001438
10001438
10001438
10001438
10001438
10001438
10001438
10001438
10001438
10001442
10001442
10001442
10001442
10001442
10001442
10001442
10001442
10001442
10001442
10001446
10001446
10001446
10001446
10001450
10001450
10001450
10001450
10001450
10001450
10001450
10001450
10001454
10001454
10001454
10001454
10001454
10001454
10001454
10001454
10001458
10001458
10001458
10001458
10001462
10001462
10001462
10001466
10001466
10001466
10001466
10001466
10001466
10001466
10001466
10001466
10001470
10001470
10001470
10001470
10001470
10001470
10001470
10001470
10001470
10001470
10001470
10001474
10001474
10001474
10001474
10001474
10001474
10001474
10001474
10001474
10001478
10001478
10001478
10001478
10001478
10001478
10001482
10001482
10001482
10001482
10001486
10001486
10001486
10001486
10001490
10001490
10001490
10001490
10001490
10001490
10001490
10001490
10001490
10001490
10001490
10001490
10001490
10001490
10001494
10001494
10001494
10001494
10001494
10001494
10001494
10001494
10001494
10001494
10001494
10001494
10001498
10001502
10001502
10001502
10001502
10001506
10001506
10001506
10001506
10001506
10001506
10001506
10001506
10001506
10001506
10001506
10001506
10001506
10001506
10001510
10001510
10001510
10001510
10001510
10001510
10001510
10001510
10001510
10001510
10001510
10001510
10001510
10001510
10001510
10001510
10001510
10001510
10001514
10001514
10001514
10001514
10001514
10001514
10001514
10001514
10001514
10001514
10001514
10001514
10001514
10001518
10001518
10001518
10001518
10001518
10001518
10001518
10001518
10001522
10001522
10001522
10001522
10001522
10001522
10001522
10001522
10001522
10001522
10001522
10001526
10001526
10001526
10001530
10001530
10001530
10001530
10001534
10001534
10001534
10001538
10001538
10001538
10001538
10001546
10001546
10001546
10001546
10001546
10001546
10001546
10001546
10001550
10001550
10001550
10001550
10001550
10001554
10001554
10001558
10001558
10001558
10001558
10001558
10001562
10001562
10001562
10001566
10001566
10001566
10001566
10001566
10001566
10001566
10001566
10001566
10001566
10001566
10001566
10001566
10001566
10001566
10001570
10001570
10001570
10001570
10001570
10001570
10001574
10001574
10001578
10001578
10001578
10001578
10001582
10001582
10001582
10001586
10001586
10001586
10001586
10001586
10001590
10001590
10001594
10001594
10001594
10001594
10001594
10001594
10001594
10001594
10001594
10001594
10001594
10001598
10001598
10001598
10001602
10001602
10001602
10001602
10001602
10001602
10001602
10001602
10001602
10001606
10001606
10001606
10001606
10001610
10001610
10001610
10001614
10001614
10001614
10001614
10001614
10001614
10001614
10001614
10001614
10001614
10001614
10001614
10001614
10001614
10001614
10001618
10001618
10001618
10001618
10001618
10001618
10001618
10001618
10001618
10001618
10001618
10001618
10001618
10001618
10001618
10001618
10001618
10001618
10001618
10001618
10001618
10001618
10001622
10001622
10001622
10001622
10001622
10001626
10001626
10001626
10001626
10001626
10001626
10001630
10001630
10001630
10001630
10001630
10001630
10001630
10001630
10001630
10001630
10001630
10001630
10001634
10001634
10001634
10001634
10001634
10001634
10001634
10001634
10001634
10001638
10001638
10001638
10001638
10001638
10001638
10001638
10001642
10001642
10001646
10001646
10001646
10001646
10001646
10001646
10001646
10001646
10001646
10001650
10001650
10001650
10001650
10001650
10001650
10001650
10001654
10001654
10001654
10001654
10001654
10001658
10001658
10001658
10001662
10001662
10001662
10001662
10001662
10001662
10001662
10001662
10001662
10001666
10001666
10001666
10001666
10001666
10001666
10001666
10001666
10001666
10001666
10001666
10001666
10001666
10001670
10001670
10001670
10001670
10001670
10001670
10001670
10001670
10001670
10001670
10001670
10001674
10001674
10001674
10001674
10001678
10001678
10001678
10001678
10001678
10001678
10001682
10001682
10001682
10001682
10001686
10001686
10001686
10001686
10001686
10001686
10001686
10001686
10001686
10001686
10001686
10001690
10001690
10001690
10001690
10001690
10001690
10001690
10001690
10001694
10001694
10001694
10001694
10001694
10001694
10001698
10001698
10001702
10001702
10001702
10001702
10001702
10001702
10001702
10001702
10001706
10001706
10001706
10001706
10001706
10001706
10001706
10001706
10001706
10001706
10001706
10001706
10001706
10001706
10001706
10001706
10001706
10001706
10001710
10001710
10001710
10001710
10001714
10001714
10001714
10001714
10001714
10001714
10001718
10001718
10001718
10001718
10001718
10001718
10001718
10001718
10001718
10001718
10001722
10001722
10001722
10001722
10001722
10001722
10001722
10001722
10001722
10001726
10001726
10001726
10001726
10001726
10001726
10001726
10001726
10001726
10001726
10001726
10001726
10001726
10001726
10001726
10001730
10001730
10001730
10001730
10001730
10001730
10001730
10001730
10001730
10001734
10001734
10001734
10001738
10001738
10001738
10001738
10001738
10001742
10001742
10001742
10001742
10001746
10001746
10001746
10001746
10001746
10001746
10001746
10001746
10001746
10001750
10001750
10001750
10001750
10001750
10001750
10001750
10001750
10001750
10001754
10001754
10001754
10001754
10001754
10001754
10001754
10001754
10001754
10001754
10001754
10001754
10001754
10001758
10001758
10001758
10001758
10001758
10001758
10001762
10001762
10001762
10001762
10001762
10001762
10001762
10001762
10001762
10001762
10001766
10001766
10001766
10001766
10001774
10001774
10001774
10001782
10001782
10001782
10001782
10001782
10001782
10001782
10001786
10001786
10001786
10001790
10001790
10001790
10001790
10001794
10001794
10001794
10001794
10001794
10001798
10001798
10001798
10001798
10001798
10001802
10001806
10001806
10001806
10001806
10001806
10001810
10001810
10001810
10001810
10001810
10001810
10001810
10001810
10001810
10001810
10001810
10001814
10001814
10001814
10001814
10001814
10001814
10001818
10001818
10001818
10001818
10001822
10001822
10001822
10001822
10001826
10001826
10001826
10001826
10001826
10001826
10001826
10001826
10001826
10001826
10001826
10001826
10001826
10001826
10001826
10001826
10001826
10001826
10001830
10001830
10001830
10001830
10001830
10001830
10001830
10001830
10001830
10001830
10001830
10001830
10001830
10001830
10001830
10001830
10001834
10001834
10001842
10001842
10001842
10001842
10001842
10001842
10001842
10001842
10001842
10001842
10001842
10001842
10001846
10001846
10001846
10001846
10001846
10001846
10001846
10001846
10001846
10001850
10001850
10001850
10001850
10001850
10001850
10001850
10001854
10001858
10001858
10001858
10001858
10001862
10001862
10001862
10001862
10001862
10001862
10001862
10001862
10001862
10001862
10001862
10001862
10001862
10001862
10001862
10001862
10001862
10001866
10001866
10001866
10001866
10001866
10001870
10001870
10001870
10001870
10001870
10001874
10001874
10001874
10001874
10001874
10001878
10001878
10001878
10001878
10001878
10001878
10001878
10001878
10001882
10001882
10001882
10001882
10001882
10001882
10001882
10001882
10001886
10001886
10001886
10001886
10001886
10001886
10001886
10001886
10001886
10001890
10001890
10001890
10001890
10001890
10001890
10001890
10001890
10001890
10001894
10001898
10001898
10001898
10001898
10001898
10001898
10001898
10001902
10001902
10001902
10001902
10001902
10001906
10001906
10001910
10001910
10001910
10001910
10001910
10001910
10001910
10001914
10001914
10001914
10001914
10001914
10001914
10001914
10001914
10001914
10001914
10001914
10001914
10001914
10001914
10001914
10001914
10001914
10001914
10001914
10001914
10001914
10001918
10001918
10001918
10001918
10001918
10001918
10001918
10001918
10001918
10001918
10001922
10001922
10001926
10001926
10001926
10001926
10001926
10001926
10001926
10001926
10001930
10001930
10001930
10001930
10001930
10001934
10001934
10001934
10001934
10001938
10001938
10001938
10001938
10001938
10001938
10001938
10001938
10001938
10001938
10001942
10001942
10001942
10001942
10001942
10001942
10001946
10001946
10001950
10001950
10001950
10001950
10001950
10001950
10001950
10001954
10001954
10001954
10001954
10001954
10001958
10001958
10001958
10001958
10001958
10001958
10001958
10001958
10001958
10001958
10001958
10001958
10001958
10001958
10001958
10001958
10001958
10001962
10001962
10001962
10001966
10001966
10001966
10001966
10001966
10001966
10001966
10001966
10001966
10001966
10001966
10001966
10001970
10001970
10001970
10001970
10001970
10001970
10001970
10001970
10001970
10001970
10001974
10001974
10001974
10001974
10001974
10001974
10001974
10001974
10001974
10001974
10001974
10001974
10001974
10001978
10001978
10001978
10001978
10001978
10001978
10001978
10001982
10001986
10001986
10001986
10001986
10001990
10001990
10001990
10001990
10001990
10001994
10001994
10001994
10001994
10001994
10001994
10001998
10001998
10001998
10001998
10001998
10001998
10002002
10002002
10002006
10002006
10002006
10002006
10002006
10002006
10002006
10002006
10002006
10002006
10002006
10002006
10002010
10002010
10002010
10002010
10002010
10002010
10002010
10002010
10002010
10002010
10002010
10002010
10002010
10002010
10002010
10002010
10002010
10002010
10002014
10002014
10002014
10002014
10002014
10002014
10002018
10002018
10002022
10002022
10002022
10002022
10002022
10002022
10002022
10002022
10002022
10002022
10002022
10002022
10002022
10002022
10002022
10002022
10002022
10002022
10002026
10002026
10002026
10002026
10002026
10002026
10002026
10002026
10002026
10002026
10002026
10002026
10002030
10002030
10002030
10002034
10002038
10002038
10002038
10002038
10002038
10002042
10002042
10002046
10002046
10002050
10002054
10002054
10002054
10002054
10002054
10002054
10002054
10002054
10002058
10002058
10002058
10002058
10002058
10002058
10002058
10002058
10002058
10002058
10002058
10002058
10002058
10002062
10002062
10002062
10002062
10002062
10002062
10002062
10002062
10002062
10002062
10002062
10002062
10002062
10002070
10002070
10002070
10002070
10002070
10002070
10002070
10002070
10002070
10002070
10002074
10002074
10002074
10002074
10002074
10002074
10002074
10002074
10002074
10002074
10002074
10002074
10002074
10002078
10002078
10002078
10002078
10002078
10002078
10002078
10002078
10002078
10002082
10002082
10002082
10002082
10002082
10002086
10002086
10002086
10002086
10002086
10002086
10002090
10002090
10002094
10002094
10002094
10002098
10002098
10002098
10002098
10002102
10002102
10002102
10002102
10002102
10002102
10002102
10002106
10002106
10002106
10002106
10002106
10002106
10002106
10002106
10002110
10002110
10002110
10002110
10002110
10002110
10002110
10002110
10002110
10002110
10002110
10002110
10002114
10002114
10002114
10002114
10002114
10002114
10002114
10002122
10002122
10002122
10002122
10002126
10002126
10002126
10002126
10002126
10002126
10002126
10002126
10002126
10002126
10002126
10002126
10002126
10002126
10002130
10002130
10002130
10002130
10002130
10002130
10002134
10002134
10002134
10002134
10002134
10002134
10002134
10002134
10002134
10002134
10002134
10002134
10002138
10002138
10002142
10002142
10002142
10002146
10002146
10002146
10002146
10002146
10002146
10002146
10002146
10002146
10002146
10002146
10002146
10002146
10002150
10002150
10002150
10002150
10002150
10002150
10002154
10002154
10002154
10002154
10002154
10002154
10002154
10002154
10002154
10002154
10002154
10002154
10002154
10002154
10002158
10002158
10002158
10002158
10002162
10002162
10002162
10002162
10002162
10002166
10002166
10002166
10002166
10002166
10002170
10002170
10002170
10002170
10002170
10002170
10002170
10002174
10002174
10002174
10002174
10002178
10002178
10002182
10002182
10002182
10002182
10002182
10002186
10002186
10002186
10002186
10002186
10002186
10002186
10002186
10002190
10002190
10002190
10002190
10002190
10002190
10002190
10002190
10002190
10002194
10002198
10002198
10002198
10002198
10002198
10002198
10002198
10002198
10002202
10002202
10002202
10002202
10002202
10002206
10002206
10002206
10002206
10002206
10002206
10002206
10002206
10002210
10002210
10002210
10002210
10002210
10002214
10002214
10002214
10002214
10002218
10002218
10002218
10002218
10002218
10002222
10002222
10002222
10002222
10002222
10002226
10002226
10002226
10002226
10002230
10002230
10002234
10002234
10002234
10002234
10002234
10002234
10002234
10002234
10002238
10002238
10002238
10002238
10002238
10002238
10002238
10002238
10002238
10002238
10002238
10002242
10002242
10002246
10002246
10002246
10002246
10002246
10002250
10002250
10002250
10002250
10002250
10002250
10002250
10002250
10002250
10002250
10002254
10002254
10002254
10002254
10002254
10002254
10002254
10002254
10002254
10002254
10002254
10002254
10002254
10002254
10002258
10002258
10002258
10002262
10002262
10002262
10002262
10002262
10002262
10002262
10002266
10002270
10002270
10002270
10002270
10002270
10002270
10002270
10002270
10002270
10002270
10002270
10002270
10002270
10002270
10002270
10002270
10002270
10002274
10002274
10002274
10002274
10002274
10002278
10002278
10002282
10002282
10002286
10002286
10002286
10002286
10002290
10002290
10002290
10002290
10002294
10002294
10002294
10002294
10002294
10002294
10002298
10002298
10002298
10002298
10002298
10002298
10002298
10002298
10002298
10002298
10002302
10002302
10002302
10002302
10002302
10002302
10002302
10002302
10002306
10002306
10002306
10002310
10002310
10002310
10002314
10002314
10002314
10002314
10002314
10002314
10002314
10002314
10002318
10002318
10002318
10002318
10002318
10002318
10002318
10002322
10002322
10002322
10002322
10002322
10002322
10002322
10002322
10002322
10002322
10002322
10002322
10002322
10002322
10002322
10002322
10002326
10002326
10002326
10002326
10002326
10002326
10002326
10002326
10002330
10002330
10002330
10002330
10002330
10002334
10002334
10002334
10002334
10002338
10002338
10002338
10002338
10002338
10002338
10002338
10002338
10002342
10002342
10002342
10002342
10002342
10002342
10002342
10002342
10002342
10002342
10002342
10002342
10002342
10002342
10002342
10002346
10002346
10002346
10002346
10002346
10002346
10002350
10002350
10002350
10002350
10002350
10002350
10002350
10002350
10002354
10002354
10002354
10002354
10002354
10002354
10002354
10002354
10002358
10002358
10002358
10002358
10002362
10002362
10002366
10002366
10002366
10002366
10002366
10002370
10002370
10002370
10002370
10002370
10002370
10002370
10002370
10002370
10002370
10002370
10002370
10002370
10002374
10002374
10002374
10002374
10002374
10002374
10002378
10002378
10002378
10002378
10002378
10002378
10002378
10002378
10002378
10002378
10002378
10002378
10002378
10002382
10002382
10002382
10002382
10002382
10002382
10002382
10002382
10002382
10002382
10002382
10002382
10002382
10002382
10002382
10002382
10002382
10002382
10002382
10002386
10002386
10002386
10002390
10002390
10002390
10002390
10002390
10002390
10002394
10002394
10002394
10002394
10002394
10002394
10002394
10002394
10002394
10002394
10002394
10002398
10002398
10002398
10002398
10002398
10002398
10002398
10002398
10002398
10002402
10002402
10002402
10002402
10002402
10002402
10002402
10002406
10002406
10002406
10002410
10002410
10002410
10002410
10002410
10002410
10002414
10002414
10002414
10002414
10002414
10002414
10002414
10002418
10002418
10002418
10002418
10002418
10002418
10002418
10002418
10002418
10002418
10002422
10002422
10002422
10002422
10002426
10002430
10002430
10002430
10002430
10002430
10002430
10002430
10002430
10002434
10002434
10002434
10002438
10002438
10002438
10002442
10002442
10002442
10002446
10002446
10002446
10002446
10002446
10002446
10002446
10002450
10002450
10002450
10002450
10002450
10002450
10002454
10002454
10002454
10002454
10002454
10002454
10002458
10002458
10002458
10002458
10002462
10002462
10002462
10002462
10002462
10002462
10002462
10002462
10002462
10002466
10002466
10002466
10002466
10002466
10002466
10002466
10002466
10002466
10002470
10002470
10002470
10002470
10002470
10002470
10002474
10002474
10002478
10002482
10002482
10002482
10002482
10002482
10002482
10002482
10002482
10002482
10002482
10002486
10002486
10002486
10002486
10002486
10002490
10002494
10002494
10002494
10002494
10002494
10002494
10002494
10002498
10002498
10002498
10002498
10002498
10002498
10002498
10002498
10002498
10002498
10002498
10002498
10002498
10002502
10002502
10002502
10002502
10002502
10002502
10002502
10002506
10002506
10002506
10002506
10002506
10002506
10002506
10002506
10002506
10002506
10002510
10002510
10002510
10002514
10002514
10002514
10002514
10002514
10002514
10002514
10002518
10002518
10002518
10002518
10002518
10002518
10002518
10002518
10002518
10002518
10002518
10002518
10002518
10002518
10002522
10002522
10002522
10002522
10002522
10002522
10002522
10002522
10002522
10002522
10002522
10002522
10002522
10002526
10002526
10002526
10002526
10002526
10002526
10002526
10002526
10002526
10002526
10002526
10002526
10002530
10002530
10002530
10002530
10002534
10002534
10002534
10002534
10002534
10002534
10002534
10002538
10002538
10002538
10002538
10002538
10002538
10002538
10002542
10002542
10002542
10002542
10002542
10002542
10002542
10002542
10002542
10002542
10002542
10002542
10002542
10002542
10002550
10002554
10002554
10002554
10002554
10002554
10002554
10002558
10002562
10002562
10002562
10002566
10002566
10002566
10002566
10002566
10002566
10002566
10002566
10002566
10002566
10002566
10002566
10002570
10002570
10002570
10002570
10002570
10002570
10002570
10002570
10002570
10002570
10002570
10002570
10002570
10002570
10002570
10002570
10002570
10002570
10002570
10002570
10002570
10002570
10002570
10002570
10002570
10002570
10002570
10002574
10002574
10002574
10002578
10002578
10002578
10002578
10002578
10002578
10002578
10002582
10002582
10002582
10002582
10002582
10002582
10002582
10002582
10002582
10002582
10002582
10002586
10002586
10002590
10002590
10002590
10002590
10002590
10002590
10002590
10002590
10002590
10002590
10002590
10002590
10002590
10002590
10002590
10002594
10002594
10002594
10002594
10002594
10002594
10002594
10002594
10002594
10002594
10002594
10002594
10002594
10002594
10002594
10002594
10002598
10002598
10002598
10002598
10002598
10002598
10002598
10002598
10002598
10002598
10002602
10002602
10002606
10002606
10002606
10002610
10002610
10002610
10002610
10002610
10002610
10002610
10002610
10002614
10002614
10002614
10002614
10002614
10002618
10002618
10002618
10002622
10002622
10002622
10002626
10002626
10002626
10002626
10002626
10002626
10002626
10002626
10002630
10002630
10002630
10002630
10002630
10002630
10002630
10002630
10002630
10002630
10002634
10002634
10002634
10002634
10002634
10002634
10002634
10002634
10002634
10002634
10002634
10002634
10002634
10002638
10002638
10002638
10002638
10002638
10002638
10002642
10002642
10002642
10002642
10002642
10002642
10002642
10002642
10002642
10002642
10002642
10002642
10002642
10002642
10002642
10002642
10002642
10002642
10002642
10002646
10002646
10002646
10002646
10002646
10002646
10002646
10002646
10002646
10002646
10002646
10002650
10002654
10002654
10002658
10002658
10002658
10002658
10002658
10002658
10002662
10002662
10002662
10002662
10002662
10002662
10002662
10002674
10002678
10002678
10002678
10002678
10002678
10002678
10002678
10002678
10002678
10002678
10002678
10002678
10002678
10002682
10002690
10002690
10002690
10002690
10002694
10002694
10002694
10002694
10002694
10002694
10002694
10002694
10002694
10002694
10002694
10002694
10002698
10002698
10002698
10002698
10002698
10002698
10002698
10002698
10002706
10002710
10002710
10002710
10002710
10002710
10002710
10002710
10002710
10002714
10002714
10002714
10002714
10002714
10002714
10002714
10002714
10002714
10002714
10002714
10002714
10002714
10002714
10002714
10002718
10002718
10002718
10002718
10002718
10002718
10002718
10002718
10002718
10002722
10002722
10002722
10002722
10002722
10002722
10002726
10002730
10002730
10002730
10002730
10002730
10002730
10002730
10002734
10002734
10002734
10002734
10002734
10002734
10002734
10002734
10002734
10002734
10002734
10002734
10002734
10002734
10002734
10002734
10002734
10002734
10002734
10002734
10002734
10002734
10002738
10002742
10002742
10002742
10002742
10002742
10002746
10002746
10002746
10002746
10002746
10002746
10002746
10002746
10002746
10002746
10002746
10002746
10002746
10002746
10002746
10002746
10002746
10002746
10002746
10002746
10002746
10002750
10002750
10002750
10002750
10002750
10002750
10002758
10002758
10002758
10002762
10002762
10002762
10002762
10002766
10002766
10002770
10002770
10002770
10002770
10002770
10002770
10002770
10002774
10002774
10002774
10002774
10002774
10002778
10002778
10002778
10002778
10002778
10002778
10002778
10002778
10002778
10002778
10002782
10002782
10002782
10002782
10002786
10002786
10002786
10002786
10002786
10002786
10002786
10002786
10002790
10002790
10002790
10002790
10002790
10002790
10002790
10002790
10002790
10002790
10002790
10002790
10002790
10002790
10002790
10002790
10002790
10002794
10002794
10002794
10002794
10002794
10002794
10002794
10002794
10002794
10002794
10002794
10002794
10002794
10002794
10002798
10002802
10002802
10002806
10002806
10002806
10002806
10002806
10002806
10002806
10002806
10002806
10002810
10002810
10002810
10002810
10002814
10002814
10002814
10002814
10002814
10002814
10002818
10002818
10002818
10002818
10002818
10002818
10002818
10002818
10002818
10002818
10002818
10002818
10002818
10002822
10002822
10002822
10002822
10002822
10002822
10002822
10002822
10002822
10002822
10002822
10002822
10002822
10002826
10002826
10002826
10002826
10002826
10002826
10002830
10002830
10002830
10002830
10002830
10002830
10002830
10002830
10002830
10002830
10002830
10002834
10002834
10002834
10002834
10002834
10002834
10002834
10002834
10002838
10002838
10002838
10002838
10002838
10002838
10002838
10002838
10002838
10002838
10002838
10002838
10002838
10002838
10002842
10002842
10002842
10002842
10002842
10002842
10002842
10002842
10002842
10002842
10002842
10002842
10002842
10002842
10002842
10002842
10002842
10002842
10002842
10002846
10002846
10002846
10002846
10002846
10002850
10002850
10002850
10002850
10002854
10002854
10002854
10002854
10002854
10002854
10002854
10002858
10002858
10002858
10002858
10002858
10002862
10002862
10002862
10002866
10002866
10002870
10002870
10002870
10002870
10002870
10002870
10002874
10002874
10002874
10002874
10002874
10002874
10002874
10002874
10002874
10002874
10002874
10002878
10002878
10002878
10002878
10002878
10002878
10002878
10002878
10002878
10002882
10002886
10002886
10002886
10002886
10002886
10002886
10002886
10002886
10002886
10002886
10002890
10002890
10002890
10002890
10002890
10002890
10002890
10002890
10002890
10002890
10002890
10002890
10002890
10002890
10002890
10002890
10002890
10002894
10002894
10002894
10002894
10002894
10002894
10002894
10002894
10002894
10002894
10002894
10002894
10002894
10002894
10002894
10002894
10002894
10002894
10002894
10002894
10002894
10002898
10002902
10002902
10002902
10002902
10002906
10002906
10002906
10002906
10002906
10002906
10002906
10002906
10002906
10002906
10002906
10002906
10002906
10002906
10002906
10002906
10002906
10002906
10002906
10002906
10002906
10002906
10002906
10002906
10002906
10002906
10002906
10002906
10002906
10002906
10002910
10002910
10002910
10002914
10002914
10002914
10002914
10002914
10002914
10002914
10002914
10002914
10002914
10002918
10002918
10002918
10002918
10002922
10002926
10002926
10002926
10002926
10002930
10002930
10002930
10002930
10002930
10002930
10002930
10002930
10002930
10002930
10002934
10002934
10002934
10002934
10002934
10002934
10002934
10002934
10002938
10002938
10002938
10002938
10002938
10002938
10002938
10002938
10002942
10002942
10002942
10002942
10002942
10002942
10002942
10002946
10002946
10002946
10002946
10002950
10002950
10002950
10002950
10002954
10002954
10002954
10002954
10002958
10002958
10002958
10002958
10002958
10002958
10002958
10002958
10002958
10002958
10002958
10002958
10002958
10002958
10002958
10002962
10002962
10002962
10002962
10002962
10002962
10002962
10002966
10002966
10002966
10002970
10002974
10002974
10002974
10002974
10002974
10002974
10002974
10002974
10002974
10002978
10002978
10002978
10002978
10002978
10002978
10002978
10002978
10002982
10002982
10002982
10002982
10002982
10002982
10002986
10002986
10002986
10002986
10002986
10002986
10002986
10002986
10002986
10002986
10002990
10002990
10002990
10002990
10002990
10002990
10002990
10002994
10002998
9999997002
9997006
9997006
9997006
9997006
9997006
9997006
9997006
9997006
9997006
9997006
9997006
9997006
9997006
9997010
9997014
9997014
9997014
9997014
9997014
9997014
9997014
9997014
9997014
9997014
9997018
9997018
9997018
9997018
9997018
9997018
9997018
9997018
9997018
9997018
9997018
9997022
9997022
9997022
9997022
9997022
9997022
9997022
9997022
9997022
9997022
9997022
9997026
9997026
9997026
9997026
9997026
9997026
9997026
9997030
9997034
9997034
9997042
9997042
9997042
9997046
9997046
9997046
9997046
9997046
9997046
9997046
9997046
9997046
9997046
9997046
9997046
9997046
9997046
9997046
9997046
9997046
9997046
9997046
9997050
9997050
9997050
9997050
9997050
9997054
9997054
9997054
9997058
9997058
9997058
9997062
9997062
9997062
9997062
9997062
9997062
9997062
9997066
9997066
9997066
9997066
9997066
9997066
9997066
9997066
9997066
9997066
9997066
9997066
9997070
9997070
9997070
9997070
9997074
9997074
9997074
9997074
9997074
9997074
9997078
9997078
9997078
9997078
9997078
9997078
9997078
9997078
9997078
9997078
9997078
9997078
9997082
9997082
9997082
9997082
9997082
9997082
9997082
9997082
9997082
9997090
9997090
9997090
9997090
9997090
9997094
9997094
9997094
9997094
9997094
9997094
9997094
9997094
9997094
9997094
9997098
9997098
9997098
9997098
9997098
9997098
9997098
9997102
9997102
9997102
9997102
9997102
9997102
9997110
9997110
9997110
9997110
9997110
9997110
9997114
9997114
9997114
9997114
9997114
9997114
9997114
9997114
9997114
9997114
9997114
9997114
9997114
9997114
9997114
9997114
9997114
9997118
9997118
9997118
9997118
9997118
9997118
9997118
9997118
9997122
9997122
9997122
9997122
9997122
9997126
9997126
9997126
9997130
9997130
9997130
9997130
9997130
9997130
9997130
9997130
9997130
9997130
9997130
9997130
9997130
9997130
9997130
9997134
9997134
9997134
9997134
9997134
9997134
9997134
9997134
9997134
9997134
9997134
9997134
9997134
9997134
9997134
9997134
9997134
9997134
9997138
9997138
9997142
9997142
9997142
9997146
9997146
9997146
9997146
9997146
9997150
9997150
9997150
9997150
9997154
9997158
9997158
9997162
9997162
9997166
9997166
9997166
9997166
9997166
9997166
9997166
9997166
9997166
9997166
9997166
9997166
9997170
9997170
9997170
9997170
9997170
9997170
9997170
9997170
9997170
9997174
9997174
9997174
9997174
9997174
9997174
9997174
9997178
9997178
9997178
9997178
9997178
9997178
9997178
9997178
9997178
9997178
9997178
9997178
9997178
9997182
9997182
9997182
9997182
9997182
9997182
9997182
9997182
9997182
9997182
9997182
9997182
9997182
9997186
9997186
9997186
9997186
9997186
9997186
9997186
9997186
9997186
9997190
9997190
9997190
9997190
9997190
9997190
9997190
9997190
9997190
9997190
9997190
9997190
9997190
9997190
9997194
9997194
9997194
9997194
9997194
9997194
9997198
9997198
9997198
9997198
9997198
9997198
9997198
9997198
9997198
9997198
9997198
9997202
9997202
9997202
9997206
9997206
9997206
9997206
9997206
9997206
9997206
9997206
9997206
9997206
9997210
9997210
9997210
9997210
9997210
9997210
9997214
9997214
9997214
9997214
9997218
9997218
9997218
9997218
9997218
9997218
9997218
9997222
9997222
9997222
9997222
9997222
9997222
9997222
9997226
9997230
9997230
9997230
9997230
9997230
9997234
9997234
9997234
9997234
9997234
9997238
9997238
9997238
9997238
9997238
9997238
9997238
9997242
9997242
9997242
9997242
9997242
9997242
9997242
9997242
9997246
9997246
9997246
9997246
9997246
9997246
9997246
9997246
9997246
9997246
9997250
9997250
9997250
9997250
9997250
9997250
9997250
9997250
9997254
9997254
9997254
9997254
9997254
9997254
9997254
9997254
9997254
9997254
9997254
9997258
9997258
9997258
9997258
9997258
9997258
9997258
9997262
9997262
9997262
9997262
9997262
9997262
9997262
9997270
9997270
9997270
9997270
9997270
9997270
9997270
9997270
9997270
9997270
9997270
9997274
9997274
9997274
9997274
9997274
9997274
9997274
9997274
9997274
9997274
9997274
9997274
9997274
9997274
9997274
9997278
9997278
9997278
9997278
9997286
9997286
9997286
9997286
9997286
9997286
9997286
9997286
9997290
9997290
9997290
9997290
9997290
9997290
9997290
9997294
9997294
9997294
9997298
9997302
9997302
9997302
9997302
9997302
9997306
9997306
9997306
9997306
9997306
9997306
9997306
9997306
9997306
9997306
9997310
9997310
9997310
9997310
9997310
9997310
9997310
9997310
9997310
9997310
9997310
9997310
9997314
9997314
9997314
9997314
9997314
9997314
9997314
9997314
9997318
9997318
9997318
9997318
9997318
9997318
9997318
9997322
9997322
9997322
9997322
9997322
9997322
9997322
9997326
9997326
9997326
9997326
9997326
9997326
9997326
9997326
9997326
9997326
9997326
9997326
9997326
9997326
9997326
9997326
9997326
9997326
9997326
9997326
9997326
9997326
9997326
9997330
9997330
9997330
9997330
9997330
9997330
9997330
9997330
9997330
9997330
9997330
9997330
9997330
9997330
9997330
9997330
9997330
9997330
9997330
9997330
9997330
9997334
9997334
9997338
9997342
9997342
9997342
9997342
9997342
9997342
9997342
9997342
9997342
9997342
9997342
9997342
9997342
9997342
9997342
9997346
9997346
9997346
9997346
9997346
9997346
9997346
9997346
9997346
9997346
9997346
9997358
9997358
9997358
9997358
9997358
9997358
9997358
9997358
9997362
9997362
9997362
9997362
9997362
9997362
9997362
9997362
9997362
9997362
9997362
9997362
9997366
9997366
9997366
9997366
9997366
9997366
9997370
9997370
9997370
9997370
9997370
9997370
9997374
9997374
9997374
9997374
9997374
9997374
9997374
9997374
9997378
9997378
9997378
9997378
9997378
9997378
9997378
9997378
9997378
9997378
9997378
9997378
9997378
9997378
9997378
9997378
9997378
9997378
9997382
9997382
9997382
9997382
9997382
9997382
9997382
9997382
9997382
9997382
9997382
9997382
9997386
9997386
9997386
9997386
9997386
9997386
9997386
9997386
9997386
9997386
9997386
9997386
9997386
9997386
9997386
9997386
9997390
9997390
9997390
9997390
9997390
9997390
9997390
9997390
9997390
9997390
9997390
9997390
9997390
9997390
9997390
9997394
9997394
9997394
9997394
9997394
9997394
9997394
9997394
9997398
9997398
9997398
9997398
9997398
9997398
9997398
9997398
9997402
9997406
9997406
9997406
9997406
9997406
9997406
9997406
9997410
9997410
9997410
9997414
9997414
9997418
9997418
9997418
9997418
9997418
9997418
9997422
9997422
9997422
9997422
9997422
9997426
9997426
9997430
9997430
9997430
9997430
9997430
9997430
9997430
9997430
9997430
9997430
9997430
9997430
9997430
9997434
9997434
9997434
9997434
9997434
9997434
9997434
9997434
9997434
9997434
9997434
9997434
9997434
9997434
9997434
9997438
9997438
9997438
9997438
9997438
9997438
9997438
9997438
9997438
9997438
9997438
9997438
9997442
9997442
9997442
9997442
9997446
9997446
9997446
9997446
9997446
9997446
9997446
9997446
9997450
9997450
9997450
9997450
9997450
9997450
9997450
9997450
9997454
9997454
9997454
9997454
9997454
9997454
9997454
9997454
9997454
9997454
9997454
9997454
9997454
9997458
9997458
9997458
9997458
9997458
9997458
9997458
9997458
9997458
9997458
9997466
9997466
9997470
9997470
9997474
9997474
9997474
9997478
9997482
9997482
9997482
9997482
9997482
9997482
9997482
9997482
9997482
9997482
9997482
9997482
9997486
9997486
9997486
9997486
9997486
9997486
9997486
9997486
9997486
9997486
9997486
9997486
9997486
9997486
9997486
9997486
9997486
9997486
9997490
9997490
9997490
9997490
9997490
9997490
9997490
9997490
9997490
9997490
9997490
9997490
9997490
9997494
9997494
9997494
9997494
9997494
9997494
9997498
9997498
9997498
9997498
9997498
9997502
9997502
9997502
9997502
9997502
9997502
9997502
9997502
9997502
9997502
9997506
9997506
9997506
9997506
9997506
9997506
9997506
9997506
9997506
9997506
9997510
9997514
9997514
9997514
9997514
9997514
9997518
9997518
9997518
9997518
9997518
9997518
9997518
9997518
9997518
9997518
9997518
9997518
9997518
9997518
9997518
9997518
9997522
9997522
9997522
9997522
9997522
9997522
9997522
9997522
9997522
9997522
9997522
9997522
9997522
9997522
9997522
9997522
9997526
9997526
9997526
9997526
9997526
9997526
9997526
9997534
9997534
9997534
9997534
9997534
9997538
9997538
9997538
9997538
9997538
9997538
9997538
9997538
9997538
9997538
9997542
9997542
9997542
9997542
9997542
9997542
9997542
9997542
9997546
9997554
9997554
9997554
9997554
9997554
9997554
9997558
9997558
9997558
9997558
9997558
9997558
9997558
9997558
9997558
9997566
9997570
9997570
9997570
9997570
9997574
9997574
9997574
9997574
9997574
9997574
9997574
9997574
9997574
9997574
9997574
9997574
9997574
9997574
9997574
9997574
9997574
9997578
9997578
9997578
9997578
9997578
9997578
9997578
9997586
9997586
9997586
9997586
9997590
9997590
9997590
9997590
9997590
9997590
9997590
9997590
9997590
9997590
9997594
9997594
9997594
9997598
9997598
9997598
9997602
9997602
9997602
9997602
9997602
9997602
9997602
9997602
9997602
9997602
9997606
9997606
9997606
9997606
9997606
9997606
9997606
9997606
9997610
9997610
9997614
9997614
9997614
9997614
9997614
9997614
9997614
9997618
9997618
9997618
9997618
9997622
9997622
9997622
9997622
9997622
9997626
9997626
9997626
9997626
9997626
9997626
9997626
9997626
9997626
9997626
9997626
9997626
9997626
9997626
9997626
9997626
9997630
9997630
9997630
9997630
9997630
9997630
9997630
9997630
9997630
9997630
9997630
9997634
9997634
9997634
9997634
9997634
9997634
9997634
9997634
9997634
9997634
9997634
9997638
9997638
9997638
9997638
9997638
9997638
9997638
9997638
9997638
9997638
9997638
9997638
9997638
9997642
9997642
9997642
9997642
9997646
9997646
9997646
9997646
9997646
9997646
9997646
9997646
9997646
9997646
9997646
9997646
9997646
9997646
9997646
9997650
9997650
9997650
9997650
9997650
9997650
9997650
9997650
9997650
9997654
9997654
9997654
9997654
9997654
9997654
9997654
9997654
9997658
9997658
9997658
9997658
9997658
9997658
9997658
9997662
9997662
9997662
9997662
9997662
9997662
9997662
9997662
9997666
9997666
9997666
9997666
9997666
9997666
9997666
9997666
9997666
9997666
9997670
9997670
9997670
9997670
9997670
9997674
9997674
9997674
9997674
9997674
9997674
9997678
9997678
9997678
9997678
9997678
9997678
9997682
9997682
9997682
9997682
9997682
9997682
9997682
9997682
9997682
9997682
9997682
9997682
9997682
9997682
9997682
9997682
9997682
9997682
9997682
9997682
9997682
9997682
9997682
9997682
9997682
9997682
9997686
9997686
9997690
9997694
9997694
9997694
9997694
9997694
9997694
9997694
9997698
9997698
9997698
9997698
9997698
9997698
9997698
9997698
9997698
9997698
9997698
9997698
9997698
9997698
9997698
9997702
9997702
9997702
9997702
9997702
9997702
9997702
9997702
9997702
9997702
9997702
9997702
9997702
9997706
9997706
9997706
9997710
9997710
9997710
9997710
9997714
9997714
9997714
9997714
9997714
9997718
9997718
9997718
9997718
9997718
9997718
9997718
9997718
9997718
9997718
9997722
9997726
9997726
9997730
9997730
9997730
9997730
9997730
9997730
9997730
9997734
9997734
9997734
9997734
9997738
9997738
9997738
9997738
9997738
9997738
9997738
9997738
9997738
9997742
9997746
9997746
9997750
9997750
9997750
9997750
9997750
9997750
9997750
9997750
9997750
9997750
9997750
9997754
9997754
9997754
9997754
9997754
9997754
9997754
9997754
9997754
9997754
9997754
9997758
9997758
9997762
9997762
9997762
9997762
9997766
9997766
9997766
9997766
9997766
9997766
9997766
9997766
9997766
9997766
9997766
9997770
9997770
9997770
9997770
9997770
9997770
9997770
9997770
9997770
9997770
9997770
9997770
9997770
9997770
9997774
9997774
9997774
9997774
9997774
9997774
9997774
9997774
9997774
9997774
9997782
9997782
9997786
9997786
9997786
9997786
9997786
9997786
9997786
9997786
9997786
9997786
9997790
9997790
9997790
9997790
9997790
9997790
9997790
9997790
9997790
9997790
9997790
9997790
9997790
9997794
9997794
9997798
9997798
9997802
9997802
9997802
9997802
9997802
9997802
9997802
9997802
9997802
9997802
9997802
9997806
9997810
9997810
9997810
9997810
9997814
9997814
9997814
9997814
9997818
9997818
9997818
9997818
9997818
9997818
9997818
9997822
9997822
9997822
9997822
9997822
9997822
9997822
9997822
9997822
9997822
9997822
9997826
9997826
9997826
9997826
9997826
9997826
9997826
9997826
9997826
9997826
9997826
9997830
9997830
9997830
9997830
9997834
9997834
9997834
9997834
9997834
9997834
9997834
9997834
9997834
9997838
9997838
9997838
9997838
9997838
9997838
9997838
9997838
9997838
9997838
9997838
9997838
9997838
9997838
9997838
9997838
9997838
9997838
9997838
9997838
9997842
9997842
9997842
9997842
9997842
9997842
9997842
9997842
9997842
9997842
9997842
9997842
9997846
9997846
9997846
9997846
9997850
9997850
9997850
9997850
9997850
9997850
9997850
9997854
9997854
9997854
9997854
9997854
9997854
9997858
9997858
9997858
9997858
9997858
9997858
9997858
9997858
9997858
9997858
9997858
9997862
9997862
9997862
9997862
9997862
9997862
9997866
9997866
9997866
9997866
9997866
9997870
9997878
9997878
9997878
9997878
9997878
9997878
9997878
9997878
9997878
9997878
9997878
9997878
9997878
9997878
9997878
9997878
9997878
9997878
9997878
9997878
9997878
9997882
9997882
9997882
9997882
9997882
9997882
9997882
9997882
9997886
9997890
9997890
9997890
9997890
9997890
9997890
9997890
9997890
9997894
9997894
9997894
9997894
9997894
9997894
9997894
9997894
9997894
9997894
9997894
9997894
9997894
9997898
9997898
9997898
9997898
9997898
9997898
9997898
9997898
9997898
9997898
9997898
9997898
9997898
9997898
9997898
9997898
9997898
9997898
9997898
9997898
9997898
9997898
9997898
9997898
9997902
9997902
9997902
9997902
9997906
9997906
9997906
9997906
9997910
9997910
9997910
9997910
9997910
9997914
9997914
9997914
9997914
9997914
9997914
9997914
9997914
9997914
9997918
9997922
9997926
9997926
9997926
9997926
9997926
9997926
9997926
9997926
9997926
9997926
9997926
9997926
9997926
9997926
9997926
9997930
9997930
9997930
9997930
9997930
9997930
9997930
9997930
9997930
9997934
9997938
9997938
9997938
9997938
9997938
9997938
9997938
9997946
9997946
9997946
9997946
9997946
9997946
9997946
9997946
9997946
9997946
9997946
9997946
9997946
9997946
9997946
9997946
9997946
9997946
9997950
9997950
9997950
9997950
9997950
9997950
9997950
9997950
9997950
9997950
9997950
9997950
9997950
9997950
9997954
9997958
9997958
9997962
9997962
9997962
9997962
9997962
9997962
9997962
9997962
9997962
9997966
9997966
9997966
9997966
9997966
9997966
9997966
9997966
9997966
9997966
9997966
9997966
9997966
9997966
9997966
9997966
9997966
9997966
9997974
9997974
9997974
9997978
9997978
9997978
9997978
9997978
9997978
9997978
9997978
9997978
9997978
9997978
9997978
9997982
9997982
9997982
9997982
9997982
9997982
9997982
9997982
9997982
9997986
9997986
9997994
9997994
9997994
9997994
9997994
9997994
9997994
9997998
9997998
9997998
9997998
9997998
9997998
9997998
9997998
9997998
9997998
9997998
9998002
9998002
9998002
9998002
9998002
9998002
9998002
9998002
9998002
9998002
9998002
9998002
9998002
9998002
9998002
9998002
9998002
9998006
9998006
9998006
9998010
9998010
9998010
9998010
9998010
9998010
9998010
9998010
9998010
9998014
9998014
9998014
9998014
9998014
9998014
9998014
9998014
9998014
9998014
9998014
9998014
9998014
9998014
9998014
9998014
9998014
9998014
9998014
9998014
9998018
9998018
9998018
9998018
9998018
9998018
9998022
9998022
9998022
9998022
9998022
9998022
9998022
9998022
9998022
9998022
9998026
9998026
9998030
9998030
9998034
9998034
9998034
9998034
9998034
9998034
9998034
9998034
9998034
9998038
9998038
9998038
9998038
9998038
9998038
9998038
9998038
9998038
9998038
9998038
9998038
9998038
9998042
9998042
9998046
9998046
9998046
9998046
9998050
9998050
9998050
9998050
9998050
9998050
9998050
9998050
9998050
9998054
9998054
9998054
9998054
9998054
9998058
9998058
9998058
9998062
9998062
9998062
9998062
9998062
9998062
9998066
9998066
9998066
9998066
9998070
9998070
9998070
9998070
9998074
9998074
9998074
9998074
9998074
9998074
9998074
9998074
9998074
9998074
9998074
9998074
9998078
9998078
9998078
9998078
9998082
9998082
9998082
9998086
9998086
9998086
9998086
9998086
9998086
9998086
9998086
9998086
9998086
9998086
9998086
9998086
9998090
9998090
9998090
9998090
9998090
9998090
9998090
9998090
9998090
9998090
9998090
9998090
9998090
9998090
9998090
9998094
9998094
9998094
9998094
9998094
9998094
9998094
9998094
9998098
9998098
9998098
9998106
9998106
9998106
9998106
9998106
9998106
9998106
9998106
9998106
9998106
9998110
9998110
9998110
9998110
9998110
9998114
9998118
9998118
9998118
9998118
9998118
9998122
9998122
9998122
9998126
9998126
9998126
9998126
9998126
9998126
9998126
9998126
9998126
9998126
9998126
9998130
9998130
9998130
9998130
9998130
9998134
9998134
9998134
9998138
9998138
9998138
9998138
9998138
9998138
9998138
9998138
9998138
9998138
9998138
9998142
9998142
9998142
9998142
9998142
9998142
9998142
9998142
9998142
9998142
9998142
9998142
9998142
9998142
9998142
9998146
9998146
9998146
9998146
9998146
9998146
9998146
9998146
9998146
9998146
9998146
9998150
9998150
9998150
9998150
9998150
9998150
9998154
9998154
9998154
9998158
9998158
9998158
9998158
9998158
9998158
9998158
9998158
9998162
9998162
9998162
9998162
9998162
9998162
9998162
9998162
9998162
9998162
9998162
9998166
9998166
9998170
9998170
9998174
9998174
9998174
9998174
9998174
9998174
9998174
9998174
9998174
9998174
9998174
9998174
9998174
9998174
9998174
9998174
9998174
9998174
9998174
9998174
9998178
9998178
9998178
9998178
9998178
9998178
9998178
9998178
9998178
9998190
9998190
9998190
9998190
9998190
9998190
9998194
9998194
9998194
9998194
9998194
9998194
9998194
9998194
9998194
9998194
9998198
9998198
9998198
9998198
9998198
9998198
9998202
9998202
9998202
9998202
9998202
9998202
9998206
9998206
9998206
9998206
9998206
9998206
9998206
9998206
9998206
9998206
9998210
9998210
9998210
9998210
9998210
9998210
9998210
9998210
9998210
9998210
9998210
9998210
9998210
9998214
9998214
9998214
9998214
9998218
9998218
9998218
9998222
9998226
9998226
9998226
9998226
9998230
9998234
9998234
9998238
9998238
9998238
9998238
9998238
9998238
9998238
9998238
9998242
9998242
9998242
9998242
9998242
9998242
9998242
9998246
9998246
9998246
9998246
9998246
9998246
9998246
9998250
9998250
9998250
9998250
9998250
9998250
9998250
9998250
9998250
9998250
9998250
9998250
9998250
9998250
9998250
9998250
9998254
9998254
9998254
9998254
9998254
9998258
9998258
9998258
9998258
9998258
9998258
9998258
9998258
9998258
9998262
9998262
9998262
9998262
9998262
9998262
9998262
9998262
9998262
9998262
9998266
9998266
9998266
9998270
9998270
9998270
9998270
9998270
9998270
9998270
9998270
9998270
9998270
9998270
9998270
9998270
9998274
9998274
9998274
9998278
9998278
9998282
9998286
9998286
9998286
9998286
9998286
9998286
9998286
9998290
9998290
9998290
9998290
9998290
9998294
9998294
9998294
9998294
9998294
9998294
9998298
9998298
9998298
9998298
9998298
9998298
9998298
9998298
9998298
9998298
9998302
9998302
9998302
9998302
9998302
9998302
9998302
9998302
9998302
9998306
9998306
9998306
9998306
9998306
9998306
9998306
9998306
9998306
9998306
9998310
9998310
9998310
9998310
9998318
9998318
9998318
9998318
9998318
9998318
9998318
9998318
9998318
9998318
9998318
9998318
9998318
9998322
9998322
9998330
9998330
9998330
9998330
9998334
9998334
9998334
9998334
9998334
9998334
9998334
9998334
9998334
9998334
9998334
9998334
9998334
9998338
9998338
9998338
9998338
9998338
9998338
9998338
9998338
9998342
9998346
9998346
9998346
9998346
9998346
9998350
9998350
9998350
9998354
9998354
9998354
9998354
9998354
9998354
9998354
9998354
9998354
9998358
9998358
9998358
9998358
9998358
9998358
9998358
9998358
9998358
9998358
9998358
9998358
9998358
9998358
9998358
9998358
9998362
9998362
9998366
9998370
9998370
9998370
9998370
9998370
9998370
9998370
9998370
9998370
9998370
9998374
9998374
9998374
9998374
9998374
9998374
9998374
9998374
9998374
9998378
9998378
9998378
9998382
9998386
9998386
9998386
9998386
9998386
9998386
9998386
9998386
9998390
9998390
9998390
9998390
9998390
9998390
9998390
9998390
9998390
9998390
9998390
9998390
9998390
9998390
9998390
9998390
9998390
9998390
9998390
9998390
9998390
9998394
9998394
9998394
9998398
9998398
9998398
9998402
9998402
9998402
9998402
9998402
9998402
9998402
9998402
9998402
9998406
9998406
9998406
9998406
9998406
9998406
9998406
9998410
9998410
9998410
9998410
9998410
9998410
9998410
9998410
9998410
9998414
9998414
9998422
9998422
9998422
9998422
9998422
9998426
9998426
9998430
9998430
9998430
9998434
9998434
9998434
9998434
9998434
9998438
9998438
9998438
9998438
9998438
9998442
9998442
9998442
9998442
9998442
9998442
9998442
9998442
9998446
9998446
9998446
9998446
9998446
9998446
9998446
9998446
9998446
9998446
9998446
9998446
9998446
9998446
9998450
9998450
9998450
9998450
9998450
9998450
9998450
9998450
9998450
9998454
9998454
9998454
9998454
9998454
9998454
9998454
9998454
9998454
9998454
9998458
9998458
9998458
9998458
9998458
9998458
9998458
9998458
9998462
9998462
9998462
9998462
9998462
9998462
9998462
9998462
9998462
9998462
9998462
9998462
9998462
9998462
9998462
9998466
9998466
9998466
9998466
9998466
9998466
9998466
9998470
9998470
9998470
9998470
9998470
9998470
9998470
9998474
9998474
9998474
9998474
9998474
9998478
9998478
9998478
9998478
9998478
9998478
9998478
9998478
9998478
9998482
9998482
9998482
9998482
9998482
9998482
9998482
9998486
9998486
9998486
9998486
9998486
9998486
9998490
9998490
9998490
9998490
9998490
9998494
9998494
9998494
9998494
9998494
9998494
9998494
9998494
9998494
9998494
9998494
9998494
9998498
9998498
9998498
9998498
9998498
9998498
9998502
9998502
9998502
9998502
9998502
9998502
9998506
9998506
9998506
9998510
9998510
9998510
9998510
9998510
9998510
9998510
9998510
9998510
9998510
9998510
9998510
9998510
9998510
9998510
9998510
9998510
9998510
9998514
9998514
9998514
9998514
9998514
9998514
9998514
9998514
9998514
9998514
9998518
9998518
9998518
9998518
9998518
9998518
9998518
9998518
9998518
9998518
9998522
9998522
9998522
9998526
9998526
9998526
9998526
9998526
9998526
9998526
9998526
9998530
9998530
9998530
9998530
9998534
9998534
9998534
9998534
9998534
9998538
9998542
9998546
9998546
9998546
9998546
9998546
9998546
9998546
9998546
9998546
9998546
9998546
9998550
9998550
9998550
9998550
9998550
9998554
9998554
9998554
9998554
9998554
9998554
9998554
9998554
9998554
9998558
9998558
9998562
9998562
9998562
9998566
9998566
9998566
9998566
9998566
9998566
9998566
9998566
9998566
9998566
9998570
9998570
9998570
9998570
9998570
9998570
9998570
9998570
9998570
9998570
9998574
9998574
9998574
9998574
9998578
9998578
9998578
9998578
9998578
9998578
9998578
9998578
9998582
9998582
9998582
9998582
9998582
9998582
9998582
9998582
9998582
9998582
9998582
9998582
9998582
9998582
9998582
9998582
9998582
9998586
9998586
9998586
9998586
9998586
9998586
9998586
9998586
9998586
9998586
9998586
9998590
9998590
9998590
9998590
9998590
9998590
9998594
9998598
9998598
9998598
9998598
9998598
9998598
9998598
9998598
9998598
9998598
9998598
9998602
9998602
9998602
9998602
9998602
9998602
9998602
9998602
9998602
9998602
9998606
9998606
9998606
9998606
9998606
9998610
9998614
9998614
9998614
9998614
9998618
9998618
9998618
9998618
9998618
9998618
9998618
9998618
9998618
9998618
9998618
9998618
9998622
9998622
9998622
9998622
9998622
9998626
9998626
9998626
9998626
9998630
9998630
9998634
9998634
9998634
9998634
9998634
9998634
9998634
9998634
9998634
9998634
9998638
9998638
9998638
9998642
9998642
9998642
9998642
9998646
9998646
9998646
9998646
9998646
9998646
9998646
9998646
9998650
9998654
9998654
9998654
9998654
9998654
9998654
9998654
9998654
9998654
9998654
9998654
9998654
9998658
9998658
9998658
9998658
9998658
9998658
9998658
9998658
9998658
9998658
9998658
9998658
9998658
9998662
9998662
9998662
9998662
9998662
9998662
9998662
9998666
9998666
9998666
9998666
9998670
9998670
9998670
9998670
9998670
9998670
9998670
9998670
9998670
9998670
9998674
9998674
9998674
9998674
9998674
9998678
9998678
9998678
9998678
9998678
9998678
9998678
9998678
9998678
9998678
9998678
9998682
9998682
9998682
9998682
9998682
9998682
9998682
9998682
9998686
9998690
9998694
9998694
9998694
9998694
9998694
9998698
9998698
9998698
9998698
9998698
9998698
9998698
9998698
9998698
9998698
9998698
9998698
9998698
9998698
9998698
9998698
9998702
9998702
9998702
9998702
9998706
9998706
9998706
9998706
9998706
9998710
9998710
9998710
9998710
9998710
9998710
9998710
9998710
9998710
9998710
9998710
9998710
9998710
9998710
9998710
9998714
9998714
9998714
9998714
9998714
9998714
9998714
9998714
9998714
9998714
9998718
9998718
9998718
9998722
9998722
9998722
9998726
9998726
9998726
9998726
9998726
9998726
9998726
9998726
9998726
9998726
9998730
9998730
9998730
9998730
9998730
9998730
9998730
9998730
9998730
9998730
9998730
9998730
9998738
9998738
9998738
9998738
9998738
9998742
9998742
9998742
9998742
9998742
9998742
9998742
9998742
9998746
9998746
9998746
9998746
9998746
9998746
9998746
9998746
9998750
9998754
9998754
9998754
9998758
9998758
9998758
9998758
9998758
9998758
9998758
9998758
9998758
9998762
9998762
9998762
9998762
9998762
9998762
9998762
9998762
9998762
9998762
9998762
9998762
9998762
9998766
9998766
9998766
9998766
9998770
9998770
9998770
9998770
9998770
9998770
9998770
9998770
9998774
9998774
9998774
9998774
9998774
9998774
9998774
9998774
9998778
9998778
9998778
9998778
9998778
9998778
9998778
9998778
9998782
9998782
9998782
9998782
9998782
9998782
9998786
9998786
9998790
9998790
9998790
9998790
9998794
9998794
9998794
9998794
9998794
9998794
9998794
9998794
9998798
9998798
9998798
9998798
9998798
9998798
9998798
9998798
9998798
9998802
9998802
9998802
9998802
9998802
9998802
9998802
9998802
9998802
9998802
9998802
9998806
9998806
9998810
9998810
9998810
9998810
9998810
9998810
9998810
9998810
9998810
9998814
9998814
9998814
9998814
9998814
9998814
9998814
9998814
9998814
9998814
9998814
9998818
9998818
9998818
9998822
9998822
9998822
9998826
9998826
9998826
9998826
9998826
9998826
9998826
9998826
9998826
9998826
9998826
9998826
9998826
9998826
9998826
9998830
9998830
9998830
9998830
9998830
9998830
9998830
9998830
9998830
9998830
9998834
9998834
9998834
9998838
9998838
9998842
9998842
9998842
9998842
9998842
9998842
9998846
9998846
9998846
9998846
9998850
9998850
9998850
9998850
9998850
9998850
9998850
9998850
9998850
9998854
9998854
9998854
9998854
9998854
9998854
9998854
9998854
9998858
9998858
9998858
9998858
9998858
9998862
9998862
9998862
9998862
9998866
9998866
9998866
9998866
9998866
9998866
9998866
9998866
9998866
9998866
9998866
9998870
9998870
9998870
9998870
9998870
9998870
9998870
9998870
9998870
9998870
9998870
9998870
9998870
9998870
9998870
9998874
9998874
9998874
9998874
9998874
9998874
9998874
9998878
9998878
9998878
9998878
9998882
9998882
9998882
9998882
9998882
9998882
9998882
9998882
9998882
9998882
9998882
9998886
9998886
9998886
9998886
9998886
9998886
9998886
9998886
9998886
9998886
9998886
9998886
9998886
9998886
9998886
9998886
9998890
9998890
9998890
9998890
9998890
9998890
9998890
9998890
9998890
9998890
9998890
9998890
9998890
9998890
9998890
9998890
9998890
9998890
9998894
9998894
9998894
9998894
9998894
9998894
9998894
9998894
9998894
9998894
9998894
9998894
9998894
9998894
9998894
9998894
9998894
9998894
9998894
9998898
9998898
9998898
9998898
9998898
9998898
9998898
9998902
9998902
9998902
9998902
9998902
9998902
9998902
9998902
9998902
9998902
9998902
9998906
9998906
9998906
9998906
9998906
9998906
9998906
9998906
9998906
9998906
9998906
9998906
9998906
9998906
9998906
9998906
9998906
9998906
9998910
9998910
9998910
9998910
9998910
9998910
9998910
9998910
9998910
9998910
9998910
9998910
9998914
9998914
9998918
9998918
9998918
9998918
9998918
9998918
9998918
9998918
9998918
9998918
9998922
9998922
9998922
9998922
9998922
9998922
9998922
9998922
9998922
9998922
9998922
9998922
9998922
9998922
9998922
9998922
9998922
9998922
9998926
9998926
9998926
9998926
9998926
9998926
9998926
9998926
9998926
9998926
9998926
9998926
9998930
9998930
9998938
9998938
9998938
9998938
9998938
9998938
9998938
9998938
9998942
9998942
9998942
9998942
9998942
9998942
9998942
9998942
9998942
9998942
9998942
9998942
9998942
9998942
9998942
9998942
9998942
9998946
9998946
9998946
9998946
9998950
9998950
9998950
9998950
9998950
9998950
9998950
9998950
9998950
9998950
9998954
9998954
9998954
9998954
9998954
9998954
9998954
9998954
9998954
9998954
9998954
9998954
9998954
9998954
9998954
9998954
9998954
9998954
9998958
9998962
9998962
9998962
9998962
9998966
9998966
9998970
9998970
9998970
9998970
9998970
9998970
9998970
9998970
9998970
9998974
9998974
9998974
9998974
9998974
9998974
9998974
9998974
9998974
9998978
9998978
9998978
9998982
9998982
9998990
9998990
9998990
9998990
9998990
9998990
9998990
9998990
9998990
9998990
9998990
9998990
9998994
9998994
9998994
9998994
9998994
9998994
9998994
9998994
9998998
9999002
9999002
9999006
9999006
9999006
9999006
9999006
9999006
9999010
9999010
9999010
9999010
9999010
9999010
9999010
9999014
9999014
9999014
9999014
9999014
9999014
9999014
9999014
9999014
9999014
9999014
9999014
9999014
9999014
9999018
9999018
9999018
9999018
9999018
9999022
9999022
9999022
9999022
9999022
9999022
9999022
9999022
9999022
9999022
9999022
9999022
9999022
9999022
9999022
9999022
9999026
9999026
9999026
9999026
9999026
9999026
9999026
9999026
9999026
9999026
9999026
9999026
9999026
9999026
9999026
9999026
9999030
9999030
9999030
9999030
9999030
9999030
9999030
9999030
9999030
9999034
9999034
9999034
9999034
9999034
9999038
9999038
9999038
9999038
9999038
9999042
9999042
9999042
9999042
9999042
9999042
9999042
9999046
9999046
9999046
9999046
9999046
9999046
9999046
9999046
9999050
9999050
9999050
9999050
9999058
9999058
9999058
9999062
9999062
9999062
9999062
9999062
9999062
9999062
9999062
9999062
9999062
9999062
9999066
9999066
9999066
9999066
9999066
9999066
9999066
9999066
9999066
9999066
9999070
9999070
9999074
9999074
9999074
9999074
9999078
9999078
9999078
9999078
9999078
9999078
9999078
9999078
9999078
9999078
9999078
9999078
9999078
9999078
9999078
9999078
9999078
9999078
9999078
9999078
9999078
9999082
9999082
9999082
9999082
9999082
9999082
9999086
9999086
9999086
9999086
9999086
9999086
9999086
9999086
9999086
9999086
9999086
9999086
9999090
9999090
9999090
9999090
9999090
9999090
9999090
9999090
9999090
9999094
9999094
9999094
9999094
9999094
9999094
9999098
9999098
9999098
9999098
9999098
9999098
9999098
9999098
9999102
9999102
9999102
9999102
9999102
9999102
9999102
9999102
9999102
9999102
9999102
9999102
9999102
9999102
9999102
9999106
9999106
9999106
9999106
9999106
9999106
9999106
9999106
9999106
9999106
9999106
9999106
9999110
9999110
9999110
9999110
9999110
9999110
9999114
9999114
9999118
9999118
9999118
9999118
9999118
9999118
9999118
9999118
9999118
9999118
9999118
9999118
9999118
9999118
9999118
9999118
9999118
9999118
9999118
9999122
9999122
9999122
9999122
9999122
9999122
9999126
9999126
9999126
9999126
9999134
9999134
9999134
9999134
9999134
9999134
9999138
9999138
9999138
9999138
9999138
9999138
9999138
9999138
9999138
9999142
9999142
9999142
9999146
9999146
9999146
9999146
9999146
9999146
9999150
9999150
9999150
9999150
9999150
9999150
9999150
9999150
9999150
9999150
9999150
9999150
9999150
9999150
9999150
9999150
9999150
9999154
9999154
9999154
9999154
9999154
9999154
9999154
9999154
9999154
9999154
9999154
9999154
9999154
9999154
9999154
9999154
9999158
9999158
9999158
9999158
9999162
9999162
9999162
9999166
9999166
9999166
9999166
9999166
9999166
9999166
9999166
9999166
9999166
9999166
9999166
9999170
9999170
9999170
9999170
9999170
9999170
9999170
9999170
9999170
9999170
9999170
9999170
9999170
9999170
9999170
9999170
9999174
9999174
9999174
9999174
9999174
9999178
9999178
9999178
9999178
9999182
9999182
9999182
9999182
9999182
9999186
9999186
9999186
9999186
9999186
9999190
9999190
9999190
9999190
9999190
9999190
9999190
9999190
9999190
9999190
9999190
9999190
9999194
9999194
9999194
9999194
9999198
9999198
9999202
9999202
9999202
9999202
9999202
9999202
9999202
9999202
9999202
9999206
9999206
9999206
9999206
9999206
9999206
9999206
9999206
9999210
9999210
9999210
9999214
9999214
9999214
9999214
9999214
9999218
9999218
9999218
9999218
9999218
9999218
9999218
9999218
9999218
9999222
9999222
9999222
9999222
9999222
9999222
9999222
9999222
9999222
9999222
9999222
9999222
9999222
9999222
9999222
9999226
9999226
9999226
9999226
9999226
9999226
9999226
9999226
9999226
9999226
9999226
9999226
9999226
9999226
9999230
9999234
9999234
9999234
9999234
9999234
9999234
9999234
9999234
9999234
9999234
9999234
9999234
9999234
9999234
9999238
9999238
9999238
9999238
9999238
9999238
9999238
9999238
9999238
9999238
9999238
9999238
9999238
9999242
9999242
9999242
9999242
9999242
9999242
9999242
9999242
9999242
9999242
9999242
9999242
9999246
9999246
9999246
9999246
9999250
9999250
9999254
9999258
9999258
9999258
9999258
9999258
9999258
9999258
9999258
9999258
9999258
9999258
9999258
9999258
9999262
9999262
9999262
9999262
9999262
9999262
9999262
9999262
9999262
9999262
9999262
9999266
9999266
9999266
9999266
9999266
9999266
9999266
9999270
9999270
9999270
9999270
9999270
9999270
9999274
9999274
9999274
9999274
9999274
9999274
9999278
9999278
9999278
9999278
9999278
9999278
9999278
9999278
9999278
9999278
9999278
9999278
9999278
9999278
9999278
9999282
9999282
9999282
9999282
9999286
9999286
9999290
9999290
9999290
9999290
9999290
9999290
9999294
9999294
9999294
9999294
9999294
9999294
9999294
9999298
9999298
9999298
9999298
9999298
9999298
9999298
9999298
9999302
9999302
9999310
9999310
9999310
9999310
9999310
9999310
9999314
9999314
9999314
9999314
9999314
9999314
9999314
9999314
9999318
9999318
9999318
9999318
9999318
9999318
9999318
9999318
9999318
9999318
9999318
9999318
9999322
9999322
9999322
9999322
9999322
9999322
9999322
9999326
9999326
9999326
9999326
9999326
9999330
9999330
9999330
9999330
9999330
9999330
9999330
9999330
9999330
9999334
9999334
9999334
9999334
9999334
9999338
9999338
9999338
9999338
9999338
9999338
9999342
9999342
9999342
9999342
9999342
9999342
9999342
9999346
9999346
9999346
9999346
9999346
9999346
9999346
9999346
9999350
9999350
9999350
9999350
9999350
9999350
9999350
9999350
9999350
9999350
9999350
9999350
9999354
9999354
9999354
9999354
9999354
9999358
9999358
9999358
9999358
9999362
9999362
9999362
9999362
9999362
9999362
9999362
9999362
9999362
9999366
9999366
9999366
9999366
9999366
9999366
9999370
9999374
9999374
9999374
9999374
9999374
9999374
9999378
9999378
9999378
9999378
9999378
9999378
9999378
9999378
9999378
9999378
9999378
9999382
9999382
9999382
9999382
9999382
9999382
9999382
9999382
9999382
9999386
9999386
9999390
9999390
9999394
9999394
9999394
9999394
9999394
9999394
9999394
9999394
9999398
9999398
9999398
9999398
9999398
9999398
9999398
9999398
9999398
9999402
9999402
9999402
9999402
9999402
9999402
9999402
9999402
9999402
9999406
9999406
9999410
9999410
9999410
9999410
9999414
9999414
9999414
9999414
9999414
9999414
9999414
9999414
9999414
9999414
9999414
9999414
9999414
9999414
9999414
9999418
9999418
9999418
9999418
9999418
9999418
9999418
9999418
9999418
9999418
9999418
9999422
9999422
9999422
9999422
9999422
9999422
9999422
9999422
9999426
9999426
9999426
9999430
9999430
9999434
9999434
9999434
9999434
9999434
9999434
9999434
9999434
9999434
9999434
9999438
9999438
9999442
9999446
9999446
9999446
9999446
9999446
9999446
9999446
9999446
9999450
9999450
9999450
9999450
9999450
9999450
9999450
9999450
9999450
9999450
9999450
9999450
9999454
9999454
9999454
9999458
9999458
9999458
9999458
9999458
9999458
9999462
9999462
9999462
9999462
9999466
9999466
9999466
9999466
9999466
9999466
9999470
9999470
9999470
9999470
9999470
9999470
9999470
9999470
9999470
9999470
9999470
9999470
9999474
9999474
9999474
9999474
9999474
9999474
9999474
9999474
9999474
9999474
9999474
9999474
9999474
9999474
9999474
9999474
9999474
9999478
9999478
9999478
9999478
9999478
9999482
9999482
9999482
9999482
9999486
9999486
9999486
9999486
9999486
9999486
9999486
9999486
9999486
9999486
9999486
9999490
9999490
9999490
9999490
9999490
9999490
9999490
9999494
9999498
9999502
9999506
9999506
9999510
9999510
9999510
9999510
9999510
9999510
9999514
9999514
9999518
9999522
9999522
9999522
9999522
9999522
9999522
9999522
9999522
9999522
9999522
9999522
9999522
9999522
9999522
9999522
9999522
9999522
9999522
9999526
9999526
9999526
9999526
9999526
9999526
9999526
9999526
9999526
9999526
9999526
9999526
9999526
9999526
9999530
9999530
9999530
9999530
9999530
9999530
9999530
9999530
9999534
9999534
9999534
9999534
9999538
9999538
9999538
9999538
9999538
9999538
9999538
9999538
9999538
9999538
9999542
9999542
9999542
9999542
9999542
9999542
9999542
9999542
9999542
9999542
9999542
9999546
9999546
9999546
9999546
9999546
9999550
9999550
9999550
9999550
9999550
9999550
9999550
9999558
9999558
9999558
9999558
9999558
9999558
9999558
9999558
9999558
9999558
9999562
9999562
9999562
9999562
9999562
9999562
9999562
9999562
9999562
9999562
9999562
9999562
9999562
9999562
9999562
9999570
9999574
9999574
9999574
9999574
9999574
9999574
9999574
9999574
9999574
9999574
9999574
9999574
9999574
9999578
9999578
9999578
9999578
9999578
9999578
9999578
9999578
9999578
9999578
9999578
9999578
9999578
9999582
9999582
9999582
9999582
9999582
9999582
9999582
9999582
9999582
9999582
9999586
9999586
9999586
9999586
9999586
9999586
9999586
9999586
9999586
9999590
9999590
9999590
9999590
9999590
9999594
9999594
9999594
9999594
9999594
9999594
9999594
9999594
9999594
9999594
9999598
9999598
9999598
9999598
9999598
9999598
9999598
9999602
9999602
9999602
9999602
9999602
9999602
9999602
9999602
9999606
9999606
9999606
9999606
9999606
9999606
9999606
9999606
9999606
9999606
9999606
9999610
9999610
9999610
9999610
9999610
9999610
9999610
9999610
9999610
9999610
9999610
9999610
9999610
9999614
9999614
9999614
9999614
9999614
9999614
9999614
9999614
9999614
9999614
9999614
9999614
9999614
9999614
9999614
9999614
9999614
9999614
9999614
9999614
9999614
9999618
9999626
9999626
9999630
9999630
9999630
9999630
9999630
9999634
9999634
9999634
9999634
9999634
9999642
9999642
9999642
9999642
9999642
9999642
9999642
9999642
9999642
9999642
9999646
9999646
9999646
9999646
9999646
9999646
9999646
9999646
9999646
9999646
9999646
9999646
9999650
9999658
9999658
9999658
9999658
9999658
9999658
9999658
9999658
9999658
9999658
9999658
9999658
9999658
9999658
9999662
9999662
9999662
9999662
9999662
9999662
9999662
9999662
9999662
9999666
9999666
9999666
9999666
9999666
9999666
9999666
9999670
9999670
9999670
9999670
9999670
9999670
9999670
9999670
9999670
9999670
9999670
9999674
9999674
9999674
9999674
9999674
9999674
9999674
9999674
9999674
9999678
9999678
9999678
9999678
9999678
9999678
9999678
9999678
9999678
9999682
9999682
9999682
9999682
9999682
9999682
9999686
9999686
9999686
9999686
9999686
9999686
9999686
9999686
9999686
9999686
9999686
9999690
9999690
9999690
9999690
9999690
9999690
9999694
9999694
9999698
9999698
9999698
9999698
9999698
9999698
9999698
9999698
9999698
9999698
9999702
9999702
9999702
9999702
9999702
9999702
9999702
9999702
9999702
9999706
9999706
9999706
9999706
9999706
9999706
9999710
9999714
9999714
9999714
9999718
9999718
9999718
9999718
9999718
9999718
9999718
9999718
9999718
9999718
9999718
9999718
9999718
9999722
9999722
9999722
9999722
9999722
9999722
9999722
9999722
9999726
9999726
9999726
9999726
9999730
9999730
9999730
9999730
9999734
9999734
9999734
9999734
9999734
9999734
9999734
9999734
9999734
9999734
9999734
9999734
9999738
9999738
9999738
9999738
9999738
9999738
9999738
9999742
9999742
9999742
9999742
9999742
9999746
9999750
9999754
9999754
9999754
9999754
9999754
9999754
9999758
9999758
9999758
9999758
9999758
9999758
9999758
9999758
9999758
9999758
9999758
9999758
9999758
9999758
9999758
9999758
9999758
9999758
9999758
9999758
9999762
9999766
9999766
9999770
9999770
9999770
9999770
9999770
9999770
9999770
9999770
9999770
9999770
9999770
9999774
9999774
9999774
9999774
9999774
9999774
9999774
9999774
9999774
9999774
9999774
9999774
9999774
9999774
9999774
9999774
9999774
9999774
9999774
9999774
9999774
9999774
9999774
9999774
9999778
9999778
9999786
9999786
9999786
9999786
9999786
9999786
9999786
9999786
9999786
9999786
9999786
9999786
9999786
9999786
9999786
9999786
9999786
9999786
9999786
9999790
9999790
9999790
9999790
9999790
9999790
9999790
9999790
9999790
9999794
9999794
9999794
9999794
9999794
9999794
9999794
9999794
9999794
9999794
9999798
9999798
9999798
9999798
9999798
9999798
9999802
9999802
9999802
9999802
9999802
9999802
9999806
9999806
9999806
9999806
9999806
9999806
9999806
9999806
9999806
9999810
9999810
9999810
9999810
9999810
9999810
9999810
9999818
9999818
9999822
9999822
9999822
9999822
9999822
9999826
9999826
9999826
9999826
9999826
9999826
9999826
9999826
9999826
9999826
9999830
9999830
9999830
9999830
9999830
9999830
9999834
9999838
9999838
9999838
9999838
9999838
9999838
9999842
9999842
9999842
9999842
9999842
9999842
9999842
9999842
9999846
9999846
9999854
9999854
9999854
9999854
9999854
9999854
9999854
9999854
9999858
9999858
9999858
9999858
9999858
9999858
9999858
9999858
9999858
9999858
9999858
9999862
9999866
9999866
9999866
9999866
9999870
9999870
9999874
9999874
9999878
9999878
9999878
9999878
9999878
9999878
9999878
9999878
9999878
9999878
9999878
9999882
9999882
9999882
9999882
9999882
9999882
9999886
9999886
9999886
9999886
9999886
9999890
9999890
9999890
9999890
9999890
9999890
9999894
9999894
9999894
9999894
9999894
9999894
9999894
9999894
9999894
9999894
9999898
9999898
9999902
9999902
9999902
9999902
9999902
9999902
9999902
9999902
9999902
9999902
9999906
9999906
9999906
9999906
9999906
9999906
9999910
9999910
9999910
9999910
9999910
9999910
9999910
9999910
9999914
9999914
9999918
9999918
9999918
9999918
9999918
9999918
9999918
9999918
9999922
9999922
9999922
9999922
9999922
9999922
9999926
9999926
9999926
9999926
9999930
9999930
9999930
9999930
9999930
9999930
9999930
9999930
9999930
9999930
9999930
9999930
9999930
9999930
9999930
9999930
9999930
9999934
9999934
9999934
9999934
9999934
9999934
9999934
9999934
9999934
9999934
9999934
9999934
9999934
9999938
9999938
9999942
9999942
9999942
9999942
9999946
9999946
9999946
9999946
9999946
9999946
9999950
9999950
9999950
9999950
9999950
9999950
9999954
9999954
9999954
9999954
9999954
9999954
9999954
9999954
9999954
9999954
9999954
9999954
9999954
9999954
9999954
9999958
9999962
9999962
9999962
9999962
9999962
9999962
9999966
9999966
9999966
9999966
9999970
9999970
9999970
9999970
9999970
9999970
9999970
9999970
9999970
9999970
9999970
9999970
9999970
9999970
9999970
9999974
9999974
9999974
9999974
9999978
9999982
9999982
9999982
9999982
9999982
9999982
9999982
9999982
9999982
9999982
9999982
9999982
9999982
9999982
9999982
9999986
9999986
9999986
9999986
9999986
9999986
9999986
9999986
9999986
9999990
9999990
9999990
9999990
9999990
9999990
9999990
9999990
9999990
9999994
9999994
9999994
9999994
9999994
9999998
9999998
9999998
9999998
9999998
9999998
9999998