1000110
1000246
1000538
1000846
1000958
1001382
1001742
1001810
1001946
1002230
1002478
1003458
1003470
1003926
1004090
1004910
1005082
1005290
1005330
1005402
1005502
1005670
1005890
1006126
1006278
1006458
1006474
1006590
1006894
1007318
1007490
1008330
1008546
1008678
1009470
1009778
1009794
1010174
1010758
1011142
1011218
1011346
1011770
1011990
1012098
1012102
1012622
1012690
1013430
1013710
1013978
1014258
1014918
1015058
1015406
1015586
1016390
1016862
1017146
1017982
1018694
1019406
1019590
1019874
1020110
1020162
1020734
1020830
1020838
1021310
1022626
1022970
1023178
1023682
1024190
1024530
1025066
1025382
1026010
1026038
1026066
1026410
1026454
1026526
1026842
1027110
1027378
1027786
1028370
1029018
1029154
1029314
1029558
1029790
970278
970510
970634
970854
970970
971490
971542
972230
972438
972706
972762
972842
972910
973090
973126
973182
973258
973590
975062
975154
975270
975390
975966
976190
976430
976578
976686
976790
977178
977262
978054
978670
978810
979538
979982
980210
980390
981002
981266
982114
982222
982498
982514
982770
983066
983158
983710
984126
984162
984498
984770
985130
986102
986870
986986
987658
987690
988078
988494
988566
988862
989086
989430
989858
990318
990570
990610
990930
991230
992082
992266
992310
992698
992902
993922
994294
994422
994990
995106
995486
995554
995802
996130
996190
996506
996710
996982
997594
997690
997890
998186
998202
998374
998402
998634
998970
