1000018
1000110
1000166
1000246
1000362
1000538
1000562
1000694
1000846
1000958
1001002
1001382
1001742
1001810
1001870
1001946
1002082
1002146
1002230
1002334
1002410
1002478
1002494
1002718
1002826
1002890
1002906
1003038
1003086
1003146
1003458
1003470
1003474
1003666
1003926
1004090
1004478
1004622
1004686
1004910
1005046
1005082
1005182
1005290
1005330
1005402
1005502
1005670
1005718
1005890
1006126
1006278
1006286
1006458
1006474
1006590
1006814
1006894
1007034
1007318
1007490
1007754
1007962
1008330
1008402
1008518
1008546
1008678
1008914
1009086
1009362
1009430
1009458
1009470
1009486
1009778
1009794
1010042
1010174
1010690
1010758
1010878
1010954
1011026
1011142
1011218
1011346
1011386
1011770
1011846
1011862
1011990
1012098
1012102
1012622
1012690
1013098
1013358
1013430
1013710
1013978
1014258
1014474
1014646
1014918
1015058
1015146
1015406
1015494
1015586
1015894
1015986
1016390
1016494
1016690
1016718
1016862
1017130
1017146
1017354
1017422
1017714
1017902
1017982
1018098
1018158
1018670
1018694
1018714
1019082
1019242
1019294
1019366
1019406
1019450
1019590
1019874
1020110
1020162
1020558
1020602
1020718
1020734
1020830
1020838
1021006
1021134
1021310
1021646
1021850
1022010
1022382
1022430
1022498
1022550
1022626
1022770
1022822
1022970
1023122
1023178
1023394
1023410
1023462
1023582
1023682
1023934
1024070
1024190
1024326
1024386
1024530
1025066
1025346
1025382
1025502
1025782
1025870
1025950
1026010
1026038
1026066
1026258
1026354
1026358
1026410
1026454
1026526
1026742
1026842
1027110
1027258
1027378
1027786
1027962
1028022
1028230
1028250
1028370
1028490
1028526
1028554
1028618
1028822
1028966
1029018
1029154
1029314
1029318
1029442
1029494
1029558
1029790
1029834
1029898
970042
970078
970182
970278
970278
970510
970634
970658
970686
970854
970970
970982
971186
971346
971490
971542
972010
972230
972262
972278
972298
972366
972386
972438
972558
972706
972754
972762
972842
972910
973042
973090
973126
973182
973214
973258
973278
973514
973582
973590
974066
974426
975006
975062
975154
975226
975270
975390
975446
975714
975930
975966
976190
976378
976422
976430
976554
976578
976686
976790
976902
976994
977178
977198
977262
977338
977742
977766
978046
978054
978162
978166
978218
978402
978502
978670
978694
978810
978822
979054
979266
979522
979538
979786
979982
980006
980210
980390
980486
980658
981002
981194
981266
981390
982114
982222
982258
982466
982498
982514
982522
982546
982770
982890
983066
983158
983206
983582
983710
983822
984054
984126
984162
984498
984574
984634
984770
985130
985414
985858
986102
986870
986882
986926
986986
987126
987202
987210
987278
987310
987658
987690
987718
987966
988078
988246
988266
988318
988486
988494
988566
988730
988818
988862
988886
988970
989086
989210
989222
989358
989430
989834
989838
989858
990210
990214
990318
990450
990570
990610
990930
991230
991250
991486
992082
992094
992122
992238
992266
992310
992698
992902
992942
993118
993142
993174
993318
993478
993778
993922
994122
994294
994422
994582
994730
994990
995078
995106
995190
995370
995486
995554
995562
995802
996082
996130
996190
996506
996510
996658
996710
996722
996878
996982
997022
997258
997594
997690
997890
997930
998130
998186
998202
998374
998402
998582
998634
998970
999434
999442
999614
999630
999698
999750
999998
