1000042
1000054
1000078
1000094
1000110
1000122
1000130
1000174
1000230
1000246
1000262
1000298
1000302
1000330
1000362
1000370
1000402
1000442
1000454
1000502
1000506
1000522
1000538
1000578
1000606
1000610
1000694
1000730
1000754
1000758
1000766
1000774
1000830
1000846
1000910
1000922
1000930
1000954
1000958
1000970
1000974
1000978
1000994
1001006
1001010
1001014
1001022
1001078
1001110
1001114
1001130
1001138
1001146
1001234
1001238
1001242
1001254
1001270
1001278
1001382
1001406
1001410
1001422
1001434
1001442
1001470
1001486
1001490
1001534
1001542
1001594
1001606
1001630
1001642
1001670
1001702
1001710
1001734
1001742
1001766
1001794
1001798
1001806
1001810
1001814
1001834
1001858
1001878
1001910
1001946
1001962
1001986
1002018
1002030
1002066
1002162
1002174
1002182
1002190
1002230
1002286
1002310
1002354
1002378
1002386
1002414
1002430
1002478
1002526
1002562
1002578
1002590
1002602
1002626
1002646
1002662
1002674
1002694
1002730
1002770
1002806
1002822
1002826
1002930
1002982
1002990
1002998
997030
997066
997106
997142
997170
997186
997194
997234
997278
997302
997310
997334
997386
997402
997454
997458
997530
997594
997634
997658
997674
997678
997690
997726
997742
997746
997770
997786
997790
997810
997822
997858
997890
997898
997958
997990
998002
998026
998030
998034
998058
998070
998110
998138
998158
998162
998166
998186
998202
998210
998222
998242
998286
998306
998310
998346
998374
998402
998410
998470
998482
998490
998494
998546
998582
998634
998678
998686
998702
998738
998758
998762
998778
998822
998830
998842
998862
998890
998894
998898
998906
998930
998958
998970
998990
998994
998998
999006
999058
999066
999074
999122
999130
999154
999166
999186
999190
999194
999222
999254
999258
999262
999278
999294
999354
999410
999438
999474
999482
999490
999498
999514
999530
999570
999578
999626
999662
999690
999718
999730
999790
999798
999814
999818
999826
999878
999922
999966
999978